X;Y;Z;categoryID
-1.2816996574401855;0.501253604888916;0.2058932781219482;6.0
1.1339175701141355;0.167670726776123;1.4717719554901123;3.0
0.9672610759735109;0.1556999683380127;1.2994215488433838;3.0
1.1339173316955566;0.167670726776123;1.4019750356674194;3.0
-1.2634406089782717;3.674448013305664;1.1008009910583496;6.0
-1.801377773284912;-1.7245934009552002;-1.5;0.0
-2.152421474456787;-2.289090394973755;1.5;1.0
1.9430116415023804;3.96554970741272;-1.5;0.0
-4.925445556640625;-4.233698844909668;0.4978407621383667;2.0
-4.158107757568359;-3.8402974605560303;-1.5000001192092896;0.0
0.7718038558959961;0.2718076705932617;1.5;1.0
-1.2565560340881348;4.870924949645996;-1.1001973152160645;6.0
1.9706172943115237;1.4696054458618164;-1.5000001192092896;0.0
1.0691099166870115;0.1630153656005859;0.2997815608978271;3.0
-1.1434621810913086;-1.2173335552215576;-1.4999998807907104;0.0
1.6696951389312744;2.971259593963623;-1.5;0.0
2.060980796813965;1.4801585674285889;-1.4999998807907104;0.0
-1.057161808013916;-0.9339921474456788;-1.5000001192092896;0.0
1.274146318435669;4.929563522338867;-0.4011434912681579;2.0
-1.2634773254394531;3.66811752319336;-0.7960094213485718;6.0
1.1339175701141355;0.167670726776123;1.3022644519805908;3.0
-0.3300209045410156;1.269892930984497;1.5;1.0
0.2692837715148926;0.266395092010498;1.4999998807907104;1.0
-0.534482479095459;1.968072533607483;1.500000238418579;1.0
0.1711361408233642;0.0979425907135009;1.5;1.0
-0.337162971496582;3.9670121669769287;-1.5;0.0
1.1339173316955566;0.167670726776123;1.2025542259216309;3.0
-0.8183164596557617;4.47071647644043;-1.5;0.0
0.2658069133758545;0.1053147315979003;-1.2002041339874268;3.0
1.469507932662964;0.6774179935455322;-1.5;0.0
-1.2790203094482422;0.9669160842895508;0.7985876798629761;6.0
0.478400707244873;4.929563522338867;0.701687216758728;2.0
-1.2816996574401855;0.501253604888916;0.6021842956542969;6.0
-1.262861251831055;3.775210380554199;-1.4826258420944214;6.0
1.1339173316955566;0.167670726776123;1.097858428955078;3.0
1.8742125034332275;1.271763801574707;-1.5000001192092896;0.0
1.1339166164398191;0.1676702499389648;0.9981483221054076;3.0
-1.2669305801391602;3.068065643310547;-1.003173589706421;6.0
-2.032961368560791;-1.931032419204712;-1.5;0.0
-4.925444602966309;-4.233698844909668;-1.467829346656799;2.0
-1.260599136352539;4.16835355758667;-0.6008520126342773;6.0
-4.697920799255371;-4.13511848449707;1.499999761581421;1.0
1.0658974647521973;2.4703927040100098;-1.5000001192092896;0.0
1.76951265335083;1.4703664779663086;-1.499999761581421;0.0
-3.047633647918701;-3.192772626876831;1.4999998807907104;1.0
-1.2744054794311523;1.768895149230957;-0.4024194777011871;6.0
1.573061466217041;3.572200059890747;-1.5;0.0
0.9672613143920898;0.1556999683380127;0.5995014905929565;3.0
2.12404203414917;1.5168750286102295;-1.5;0.0
-1.2669305801391602;3.068065404891968;1.097669005393982;6.0
-1.263477802276611;3.66811752319336;-1.195444107055664;6.0
-0.9248008728027344;-0.6263644695281982;1.5;1.0
1.1339170932769775;0.1676702499389648;0.8984380960464478;3.0
-0.5361118316650391;4.86574649810791;-1.5;0.0
1.9143011569976809;2.149226188659668;-1.200228214263916;5.0
-3.5865578651428223;-3.110244035720825;-1.5;0.0
0.670654296875;0.134394884109497;0.6998703479766846;3.0
0.4784009456634521;4.929563522338867;-1.1997430324554443;2.0
-1.1356115341186523;0.9678239822387696;1.4999998807907104;1.0
-4.01743745803833;-3.734717607498169;1.5;1.0
-1.817185401916504;-1.7294743061065674;1.5;1.0
-3.215576648712158;-2.8286640644073486;-1.5;0.0
1.2686455249786377;4.929563522338867;-1.3006584644317627;2.0
1.1339173316955566;0.167670726776123;0.79872727394104;3.0
0.9672610759735109;0.1556999683380127;0.401016891002655;3.0
-0.6321620941162109;0.9750094413757324;1.5;1.0
0.3746042251586914;0.3720335960388183;1.4999998807907104;1.0
1.2709007263183594;3.1712429523468018;-1.5;0.0
2.1487622261047363;1.5833501815795898;-1.5;0.0
-1.840653896331787;-1.6345770359039309;1.500000238418579;1.0
-0.4275288581848144;-0.2312614917755127;1.5;1.0
-0.5322051048278809;2.9713287353515625;-1.5;0.0
-2.108253002166748;-1.6265528202056885;-1.5;0.0
-4.928380966186523;-4.729693412780762;-0.3102349638938904;2.0
-3.0354466438293457;-3.035164594650269;1.4999998807907104;1.0
2.033941507339477;1.4052324295043943;-1.5000001192092896;0.0
1.1339173316955566;0.167670726776123;0.6990170478820801;3.0
-1.77665376663208;-1.8933842182159424;1.5;1.0
1.264970064163208;0.3802187442779541;-1.5;0.0
-1.2703900337219238;2.466725349426269;-0.2014232575893402;6.0
-0.0040125846862792;0.3580400943756103;-1.5;0.0
1.1339170932769775;0.167670726776123;0.5993069410324097;3.0
-1.6278467178344729;-1.626023530960083;-1.500000238418579;0.0
1.1339173316955566;0.1676704883575439;0.4995964169502258;3.0
-0.2305560111999511;3.2711994647979736;1.5;1.0
1.1339173316955566;0.167670726776123;0.3998860716819763;3.0
-1.2813100814819336;0.5689363479614258;-0.100745141506195;6.0
-1.244951248168945;2.2737510204315186;1.5;1.0
-1.1309804916381836;4.572608470916748;1.5;1.0
-4.251376152038574;-3.463127851486206;-1.5;0.0
2.3737223148345947;2.0724148750305176;-1.5;0.0
-1.2605986595153809;4.16835355758667;0.7971686124801636;6.0
-2.538205146789551;-2.1284639835357666;-1.5000001192092896;0.0
-1.513352870941162;-1.0301125049591064;1.500000238418579;1.0
-0.3409147262573242;4.929563522338867;-0.0975312292575836;2.0
-0.1316611766815185;3.968204259872437;1.5;1.0
-4.660575866699219;-4.131921768188477;-1.4999998807907104;0.0
-1.0293822288513184;2.4691433906555176;-1.5;0.0
0.2369189262390136;3.6625876426696777;1.5;1.0
1.969837665557861;1.373981475830078;-1.5;0.0
-1.2594327926635742;4.370989799499512;1.196770429611206;6.0
-0.7242097854614258;-0.4296605587005615;1.4999998807907104;1.0
-4.702630043029785;-4.428038597106934;1.500000238418579;1.0
-1.2816991806030271;0.5012543201446533;-0.1986537277698516;6.0
0.8736107349395752;0.7706658840179443;-1.5000001192092896;0.0
1.1339173316955566;0.1676704883575439;0.3001757860183716;3.0
-2.8701906204223637;-2.9984371662139893;-1.5000001192092896;0.0
-1.2600126266479492;4.270197868347168;-0.4965401589870453;6.0
1.1339170932769775;0.167670726776123;0.2004653811454773;3.0
-1.8457436561584477;-1.822476148605347;-1.5000001192092896;0.0
1.5733740329742432;1.0697598457336426;-1.5;0.0
1.0691096782684326;0.1630153656005859;1.4829503297805786;3.0
-0.5447721481323242;-0.4337975978851318;-1.5;0.0
0.2708203792572021;0.3690900802612304;1.4999998807907104;1.0
-0.732487678527832;0.963329553604126;-1.5;0.0
0.660956859588623;0.5682692527770996;-1.5000001192092896;0.0
0.2718374729156494;2.872879266738892;1.4999998807907104;1.0
1.4556517601013184;4.929563522338867;-0.4005065858364105;2.0
1.777116298675537;2.401787757873535;0.1999513506889343;5.0
-4.746452331542969;-4.929563522338867;0.9020723104476928;2.0
1.1339168548583984;0.1676704883575439;0.100754976272583;3.0
-1.2709245681762695;2.3738579750061035;0.9993890523910522;6.0
-0.534665584564209;4.7656989097595215;-1.5;0.0
-0.0451700687408447;-0.1083135604858398;-1.5;0.0
-4.928976058959961;-4.830287933349609;0.4967052340507507;2.0
0.6683297157287598;0.1573519706726074;1.5;1.0
1.1339168548583984;0.1676702499389648;0.001044750213623;3.0
1.1339173316955566;0.167670726776123;-0.098665714263916;3.0
0.3754684925079345;0.4710481166839599;1.500000238418579;1.0
0.4728186130523681;0.5722143650054932;1.5;1.0
-0.8386988639831543;2.968969821929932;-1.5;0.0
-0.2324333190917968;1.8746329545974727;-1.5000001192092896;0.0
1.1339170932769775;0.1676704883575439;-0.1983761191368103;3.0
1.1339178085327148;0.1676714420318603;-0.298086404800415;3.0
-1.2571067810058594;4.775270462036133;1.201863169670105;6.0
-2.546121597290039;-2.533110857009888;1.5;1.0
1.9227099418640137;2.197545528411865;-0.8001478910446167;5.0
-0.6424336433410645;-0.7166106700897217;-1.5;0.0
2.357053279876709;1.8800292015075684;-1.5000001192092896;0.0
-2.4380807876586914;-2.5333597660064697;-1.5;0.0
1.1339173316955566;0.167670726776123;-0.3977968096733093;3.0
0.0610630512237548;1.9687532186508176;-1.5000001192092896;0.0
-1.2634773254394531;3.66811752319336;0.0955861806869506;6.0
-1.827598571777344;-1.8259971141815183;1.4999996423721311;1.0
-4.762688636779785;-4.929564476013184;0.3935825824737549;2.0
1.4556550979614258;4.929563522338867;-1.3002705574035645;2.0
1.0881850719451904;1.3483023643493652;-1.5;0.0
0.6706540584564209;0.1343944072723388;0.5982346534729004;3.0
0.8749914169311523;2.2722792625427246;-1.5;0.0
0.1717636585235595;4.47081470489502;-1.5000001192092896;0.0
-4.520462989807129;-4.698522567749023;-1.5;0.0
-4.136255264282227;-3.521221399307251;1.4999998807907104;1.0
-1.2807297706604004;0.6697278022766113;0.2991395592689514;6.0
1.1339166164398191;0.1676697731018066;-0.4975070655345917;3.0
-1.2816987037658691;0.5012545585632324;-1.4783422946929932;6.0
-0.7401132583618164;2.1642401218414307;-1.5000001192092896;0.0
-4.449326515197754;-4.530047416687012;1.5;1.0
-0.9207568168640136;4.929563522338867;-1.3980777263641355;2.0
-2.729440212249756;-2.332036256790161;1.5;1.0
0.9666430950164796;0.4703235626220703;-1.5;0.0
0.1794197559356689;4.929563522338867;-1.3995263576507568;2.0
-1.2793965339660645;0.9015357494354248;-0.2038359642028808;6.0
-3.3642258644104004;-3.433299779891968;1.4999996423721311;1.0
-0.7351870536804199;4.929563522338867;-1.003192663192749;2.0
0.7728796005249023;0.141737699508667;-1.1023162603378296;3.0
1.1339173316955566;0.167670726776123;-0.6022030115127563;3.0
0.1779835224151611;3.2723121643066406;-1.499999761581421;0.0
-4.103795051574707;-3.9231631755828857;1.4999998807907104;1.0
0.0707988739013671;2.866782665252685;-1.5;0.0
1.3743126392364502;0.6703929901123047;-1.5;0.0
0.8702676296234131;3.4695911407470703;-1.5;0.0
2.169280767440796;2.4703140258789062;-1.5;0.0
-1.2600131034851074;4.270197868347168;0.402955949306488;6.0
1.1339173316955566;0.1676704883575439;-0.7019132971763611;3.0
-1.266930103302002;3.068065643310547;-0.5036723017692566;6.0
-1.2692146301269531;2.671016216278076;0.1026585102081298;6.0
-0.1198229789733886;3.275434970855713;-1.499999761581421;0.0
-0.2303724288940429;4.929563522338867;-0.0985808670520782;2.0
0.670654296875;0.1343946456909179;-0.8980743885040283;3.0
1.1339170932769775;0.1676704883575439;-0.8016238808631897;3.0
-2.1109838485717773;-1.541351079940796;1.5;1.0
0.4490280151367187;0.1184751987457275;-0.9978803396224976;3.0
1.1752610206604004;0.2760999202728271;-1.5;0.0
0.6708486080169678;2.973581552505493;-1.5;0.0
-0.317474365234375;2.775145530700684;-1.4999998807907104;0.0
0.8699564933776855;0.1487107276916504;-1.001356840133667;3.0
-4.844598770141602;-4.929563522338867;-1.2944825887680054;2.0
1.1339173316955566;0.167670726776123;-0.9013341665267944;3.0
-3.868546962738037;-3.9430348873138423;-1.5;0.0
0.8566470146179199;1.9012371301651;-1.5000001192092896;0.0
-1.6306424140930176;-1.4216787815093994;1.4999998807907104;1.0
1.1339170932769775;0.167670726776123;-1.0010442733764648;3.0
-0.7351875305175781;4.929563522338867;-0.0980406105518341;2.0
0.4490282535552978;0.1184754371643066;1.2023335695266724;3.0
-1.28068208694458;0.6780858039855957;-0.2992630302906036;6.0
-1.2772622108459473;1.2724323272705078;0.996722936630249;6.0
1.1339168548583984;0.1676704883575439;-1.1007546186447144;3.0
-0.2303729057312011;4.929563522338867;0.0011180639266967;2.0
0.670654296875;0.1343946456909179;-0.8020849227905273;3.0
-0.8236722946166992;1.970250129699707;1.500000238418579;1.0
0.5003962516784668;0.1221654415130615;1.1990782022476196;3.0
-1.2600131034851074;4.270197868347168;0.9011387825012208;6.0
1.1339168548583984;0.1676702499389648;-1.2004653215408323;3.0
1.8291096687316892;1.1132285594940186;-1.5;0.0
0.6706540584564209;0.1343944072723388;1.4000301361083984;3.0
-3.2239484786987305;-3.223869562149048;-1.5;0.0
1.1339173316955566;0.1676704883575439;-1.300175428390503;3.0
-0.389688491821289;0.0315821170806884;-1.5;0.0
1.8504877090454104;1.1810548305511477;-1.4999998807907104;0.0
-4.928281784057617;-4.712972640991211;1.4044920206069946;2.0
0.5003960132598877;0.1221652030944824;0.9988402128219604;3.0
1.8716353178024288;1.8698835372924805;-1.5000001192092896;0.0
1.6658382415771484;0.9739384651184082;-1.5;0.0
-4.9289751052856445;-4.830286979675293;0.6945244073867798;2.0
1.4556517601013184;4.929563522338867;-1.098401427268982;2.0
1.3469338417053225;0.4857397079467773;-1.5;0.0
1.0700469017028809;1.168473482131958;-1.5;0.0
-1.279395580291748;0.901536226272583;0.5994579792022705;6.0
1.2741460800170898;4.929563522338867;-1.4775786399841309;2.0
-3.63521671295166;-3.0308640003204346;1.499999761581421;1.0
-4.550511360168457;-4.423833847045898;1.4999998807907104;1.0
0.0828330516815185;2.1732773780822754;-1.5000001192092896;0.0
-0.5312519073486328;3.1687631607055664;1.5;1.0
2.368701934814453;2.1691718101501465;-1.5;0.0
-3.668264389038086;-3.7406022548675537;-1.4999998807907104;0.0
0.1636104583740234;3.867168426513672;-1.500000238418579;0.0
1.9223302602767944;2.231057643890381;0.2010664343833923;5.0
1.475609540939331;1.2720751762390137;-1.5;0.0
-2.83956241607666;-2.636101007461548;1.4999996423721311;1.0
-0.8331613540649414;1.3704514503479004;-1.4999998807907104;0.0
1.1339173316955566;0.167670726776123;-1.3998857736587524;3.0
-1.2588577270507812;4.47074556350708;-0.202109009027481;6.0
1.1384563446044922;0.1679964065551757;-1.4833602905273438;3.0
-0.8228573799133301;2.871711015701294;1.500000238418579;1.0
0.7711784839630127;0.5693771839141846;1.500000238418579;1.0
0.5003955364227295;0.1221647262573242;0.8987212181091309;3.0
-1.0310206413269043;4.929563522338867;0.8025925159454346;2.0
-4.762688636779785;-4.929564476013184;-0.7027449607849121;2.0
-4.828119277954102;-4.929563522338867;-1.4745879173278809;2.0
1.7771165370941162;2.401787757873535;-1.3985188007354736;5.0
0.869680643081665;4.670508861541748;-1.5;0.0
0.7718997001647949;0.7705283164978027;1.5;1.0
-1.260563850402832;4.174375057220459;1.2000553607940674;6.0
1.3783442974090576;1.5664801597595217;-1.5;0.0
0.6664655208587646;0.5678637027740479;1.4999998807907104;1.0
-0.7185626029968262;-0.6292679309844971;1.499999761581421;1.0
-1.0374422073364258;3.871631145477295;1.500000238418579;1.0
1.2359287738800049;0.3013978004455566;-1.5;0.0
0.7659590244293213;0.5697753429412842;-1.5000001192092896;0.0
2.241936683654785;1.6953620910644531;-1.5;0.0
1.922330379486084;2.23105788230896;-0.200899451971054;5.0
1.3702061176300049;0.5704524517059326;-1.5;0.0
2.32819938659668;1.806002497673035;-1.5000001192092896;0.0
-2.3636512756347656;-2.493501901626587;-1.5;0.0
-0.7270007133483887;-0.3310215473175049;1.499999761581421;1.0
0.1608517169952392;1.565213918685913;-1.5;0.0
1.0677480697631836;2.5678341388702397;-1.5;0.0
-1.2703900337219238;2.466725349426269;-0.4962202906608581;6.0
2.420889139175415;1.9201021194458008;-1.499999761581421;0.0
1.67171311378479;2.870062828063965;-1.5;0.0
1.4352302551269531;0.5950114727020264;-1.499999761581421;0.0
0.6661114692687988;2.671755313873291;-1.5;0.0
0.8699564933776855;0.1487104892730713;0.3981533646583557;3.0
1.1708290576934814;4.929563522338867;-0.8988993167877197;2.0
-4.925930023193359;-4.315566062927246;0.6050124168395996;2.0
1.5271587371826172;0.7100038528442383;-1.4999998807907104;0.0
-4.929474830627441;-4.914483070373535;-1.1937267780303955;2.0
0.5665380954742432;3.2688283920288086;-1.5;0.0
-0.5323867797851562;2.3715200424194336;-1.5;0.0
0.3741378784179687;4.929563522338867;0.201786458492279;2.0
0.6706545352935791;0.1343951225280761;-1.4853051900863647;3.0
0.8710229396820068;0.3696815967559814;1.4999998807907104;1.0
-4.925444602966309;-4.233698844909668;-0.2073994874954223;2.0
-0.9184699058532716;1.0774133205413818;-1.5;0.0
-1.2686543464660645;2.7682442665100098;0.3010847568511963;6.0
1.5604355335235596;0.7800264358520508;-1.5;0.0
-1.281261920928955;0.5773687362670898;-0.1996389925479889;6.0
1.642143487930298;0.8858513832092285;-1.5000001192092896;0.0
-3.840005397796631;-3.928934812545776;1.5;1.0
-4.17616081237793;-3.767297983169556;-1.5;0.0
0.7680709362030029;0.3723437786102295;1.5;1.0
1.0738191604614258;0.163353681564331;0.8007783889770508;3.0
-0.6435599327087402;-0.5386912822723389;-1.5000001192092896;0.0
-1.2755508422851562;1.5698738098144531;-1.197115421295166;6.0
-4.92486572265625;-4.135882377624512;0.7949401140213013;2.0
1.9402527809143064;1.2898941040039062;-1.5000001192092896;0.0
-1.2720913887023926;2.171060562133789;0.2012356519699096;6.0
-1.2669296264648438;3.068065643310547;-1.2015045881271362;6.0
0.2897737026214599;0.6373777389526367;-1.5000001192092896;0.0
1.855492115020752;2.3598413467407227;0.767977237701416;5.0
-4.654335021972656;-4.623334884643555;1.5;1.0
-0.6372413635253906;2.6706786155700684;-1.5;0.0
0.273841381072998;0.5707516670227051;1.5;1.0
1.0771305561065674;0.6729354858398438;-1.5;0.0
-3.9487204551696777;-3.2328579425811768;1.5;1.0
0.2739756107330322;4.929563522338867;0.001705527305603;2.0
-4.20880126953125;-4.333361625671387;1.5;1.0
-1.2577290534973145;4.667212009429932;-0.0017888844013214;6.0
1.735806941986084;0.9991824626922609;-1.5;0.0
0.575124979019165;0.127532958984375;1.3996294736862185;3.0
1.6835973262786863;2.404437780380249;-0.9007174968719482;5.0
0.1864707469940185;0.0996158123016357;-1.485438108444214;3.0
1.768083572387695;1.0788078308105469;-1.5;0.0
-0.3247275352478027;4.929563522338867;1.4016788005828855;2.0
-1.2697792053222656;2.5728836059570312;0.6996389627456665;6.0
0.972243309020996;0.1560578346252441;-1.483248949050903;3.0
-4.598850250244141;-4.5357770919799805;1.4999998807907104;1.0
0.5003955364227295;0.1221649646759033;-0.1024685800075531;3.0
-1.274975299835205;1.6698322296142578;-0.0961591601371765;6.0
-2.321140766143799;-2.3318488597869877;-1.5;0.0
-4.491873741149902;-4.208174705505371;-1.5000001192092896;0.0
1.9086666107177732;2.2836639881134038;-0.701041042804718;5.0
-1.2772622108459473;1.2724320888519287;1.1962859630584717;6.0
-4.844599723815918;-4.929564476013184;0.2944831848144531;2.0
2.263502597808838;1.7749178409576416;-1.5000001192092896;0.0
-0.2260379791259765;-0.230421781539917;1.5;1.0
0.7781829833984375;4.929563522338867;-1.1996183395385742;2.0
0.5765979290008545;0.2718162536621094;-1.4999998807907104;0.0
-4.924385070800781;-4.0547075271606445;0.1947845220565796;2.0
-0.8211784362792969;-0.34871506690979;-1.5;0.0
-1.2778587341308594;1.1688385009765625;0.0012045502662658;6.0
0.866339921951294;2.368527412414551;-1.500000238418579;0.0
2.172865390777588;1.672464370727539;-1.499999761581421;0.0
2.438542127609253;1.9801383018493648;-1.500000238418579;0.0
-1.2576956748962402;4.672930717468262;1.102607488632202;6.0
1.9227097034454343;2.197545528411865;0.0987082719802856;5.0
1.5745534896850586;0.8719494342803955;-1.5;0.0
-1.2628607749938965;3.775210380554199;-0.9008542895317078;6.0
2.3696985244750977;1.970988631248474;-1.5;0.0
-0.739412784576416;-0.8153812885284424;1.5;1.0
-0.9251308441162108;-0.5296790599822998;1.5;1.0
0.5757930278778076;2.97095251083374;-1.5000001192092896;0.0
-1.0278944969177246;4.467911243438721;1.500000238418579;1.0
1.2743418216705322;0.4700973033905029;-1.5;0.0
0.3695335388183594;0.1127653121948242;0.2990010976791382;3.0
0.2011129856109619;0.10066819190979;-0.4968416094779968;3.0
0.7748782634735107;0.4712555408477783;1.5;1.0
0.1695644855499267;3.768752098083496;-1.5000001192092896;0.0
-4.927199363708496;-4.529906272888184;-1.2932881116867063;2.0
-4.927787780761719;-4.6295671463012695;-1.2951452732086182;2.0
0.4778478145599365;0.671161413192749;-1.499999761581421;0.0
0.9713664054870604;0.4700696468353271;1.4999998807907104;1.0
-0.9197649955749512;2.175166130065918;-1.5000001192092896;0.0
-0.4280338287353515;1.5699148178100586;-1.5;0.0
-4.926026344299316;-4.331977844238281;-0.4924794733524322;2.0
1.073818922042847;0.163353681564331;1.399187088012695;3.0
-1.0330147743225098;-0.8279469013214111;-1.5000001192092896;0.0
-1.2703900337219238;2.466725349426269;-1.1009323596954346;6.0
1.0691096782684326;0.1630153656005859;1.3001430034637451;3.0
-1.0310211181640625;4.929563522338867;0.2993906140327453;2.0
0.3695337772369385;0.1127657890319824;-0.4969617426395416;3.0
1.6725752353668213;3.3707566261291504;-1.4999998807907104;0.0
-4.549741744995117;-3.825362920761109;1.500000238418579;1.0
1.0738193988800049;0.1633541584014892;1.2014074325561523;3.0
1.0738191604614258;0.1633539199829101;1.0999826192855835;3.0
-1.129307746887207;4.373517990112305;1.5;1.0
1.1752381324768066;0.8708605766296387;-1.5;0.0
-1.2605986595153809;4.16835355758667;-0.2043984234333038;6.0
-4.925444602966309;-4.233697891235352;-0.2974304258823395;2.0
1.2666504383087158;0.8705563545227051;-1.4999998807907104;0.0
0.972243309020996;0.1560580730438232;0.2015756964683532;3.0
-0.2370581626892089;4.870799064636231;-1.5;0.0
-4.499750137329102;-4.629119873046875;1.4999998807907104;1.0
-4.92719841003418;-4.529904365539551;-1.0968542098999023;2.0
0.3695333003997803;0.1127653121948242;0.4995108246803283;3.0
-4.926025390625;-4.331977844238281;-0.1014394462108612;2.0
1.0691096782684326;0.163015604019165;1.000542163848877;3.0
-1.2582907676696775;4.569481372833252;0.1983373165130615;6.0
1.9143011569976809;2.149226188659668;-1.0015363693237305;5.0
1.0691101551055908;0.1630160808563232;0.8989828824996948;3.0
1.0691092014312744;0.1630148887634277;0.7009419202804565;3.0
-1.275550365447998;1.5698738098144531;-1.480687975883484;6.0
-0.2244119644165039;2.0689992904663086;-1.5;0.0
-0.930161952972412;2.0679006576538086;-1.5000001192092896;0.0
0.434467077255249;2.8637094497680664;1.500000238418579;1.0
1.2741460800170898;4.929563522338867;0.0005582571029663;2.0
-1.1114301681518557;-0.9217321872711182;-1.5000001192092896;0.0
1.0691099166870115;0.1630158424377441;0.5993821620941162;3.0
-0.1314799785614013;2.772167205810547;1.4999998807907104;1.0
-0.6386580467224121;4.929563522338867;-0.6018434762954712;2.0
-0.2333340644836425;2.568755626678467;1.4999998807907104;1.0
-0.6198806762695312;4.929563522338867;-0.69986891746521;2.0
-3.7405905723571777;-3.325270891189575;1.499999761581421;1.0
1.4679412841796875;3.268735408782959;-1.5000001192092896;0.0
-1.2582907676696775;4.569481372833252;1.0976593494415283;6.0
1.073819637298584;0.1633541584014892;0.501573920249939;3.0
-2.9357829093933105;-2.832124948501587;1.5;1.0
-1.2755508422851562;1.5698740482330322;-1.299516677856445;6.0
-1.0310211181640625;4.929563522338867;1.1019656658172607;2.0
-0.4335646629333496;4.067658424377441;-1.5;0.0
1.0738193988800049;0.1633541584014892;0.4001487493515014;3.0
-3.5726637840271;-3.166430711746216;-1.4999998807907104;0.0
1.0691099166870115;0.1630158424377441;0.1982219219207763;3.0
0.3741383552551269;4.929563522338867;-1.3997819423675537;2.0
-4.499725341796875;-4.326240539550781;1.4999998807907104;1.0
-1.2755498886108398;1.569874286651611;-1.4019174575805664;6.0
0.8788187503814697;0.6729562282562256;-1.5;0.0
-2.364935874938965;-1.828246831893921;-1.4999998807907104;0.0
-1.2755513191223145;1.569873571395874;-0.8977892398834229;6.0
-1.242074966430664;4.567010879516602;1.499999761581421;1.0
1.0738191604614258;0.163353681564331;0.1009443998336792;3.0
-1.1360211372375488;4.270285129547119;1.5;1.0
-4.424647331237793;-4.331218719482422;1.499999761581421;1.0
-2.2427849769592285;-2.2416365146636963;1.4999998807907104;1.0
1.0738191604614258;0.1633539199829101;-0.0004807114601135;3.0
-1.6520733833312988;-1.7238190174102783;1.4999998807907104;1.0
1.0691096782684326;0.163015604019165;-0.101378709077835;3.0
-4.926025390625;-4.331976890563965;1.1017611026763916;2.0
-4.92719841003418;-4.529904365539551;0.096855342388153;2.0
1.073818922042847;0.163353681564331;-0.1982598304748535;3.0
2.1705775260925293;2.5715880393981934;-1.4999998807907104;0.0
0.1718096733093261;2.972480535507202;-1.5;0.0
0.0753431320190429;4.37054967880249;-1.5;0.0
0.2728786468505859;0.1058223247528076;1.100091814994812;3.0
1.570214033126831;1.6688263416290283;-1.5000001192092896;0.0
1.0691096782684326;0.163015604019165;-0.2994197607040405;3.0
-1.261155605316162;4.071524620056152;1.2019847631454468;6.0
1.0676794052124023;2.9705734252929688;-1.5000001192092896;0.0
-4.704160690307617;-4.738429069519043;1.499999761581421;1.0
-4.92719841003418;-4.529905319213867;-0.4924443364143371;2.0
-1.0310211181640625;4.929563522338867;-1.2993900775909424;2.0
1.7686171531677246;2.5712227821350098;-1.5000001192092896;0.0
0.3695333003997803;0.1127653121948242;1.1010397672653198;3.0
1.073818922042847;0.1633534431457519;-0.4011103510856628;3.0
-4.927690505981445;-4.612920761108398;1.203218698501587;2.0
1.0691101551055908;0.1630158424377441;-0.5025389790534973;3.0
-1.275550365447998;1.5698740482330322;-0.2991359233856201;6.0
-4.928380012512207;-4.729693412780762;1.481142520904541;2.0
0.3695333003997803;0.1127657890319824;-1.0012741088867188;3.0
1.5755531787872314;1.473198652267456;-1.499999761581421;0.0
-0.8268623352050781;1.070505142211914;1.5;1.0
-1.1049151420593262;0.977564573287964;-1.5;0.0
-4.052909851074219;-3.724348306655884;-1.5;0.0
-0.7519187927246094;-0.8105213642120361;-1.5000001192092896;0.0
-4.925930023193359;-4.315566062927246;1.4769946336746216;2.0
-4.92710018157959;-4.513338088989258;0.5044411420822144;2.0
1.0738193988800049;0.1633543968200683;-0.5988894701004028;3.0
1.2736196517944336;1.469581127166748;-1.5;0.0
0.3741390705108642;4.929563045501709;-0.1018076539039611;2.0
2.42834210395813;2.05808687210083;-1.5;0.0
-1.2657814025878906;3.2676329612731934;-0.50363689661026;6.0
0.3695330619812011;0.1127653121948242;-0.8007644414901733;3.0
1.0691099166870115;0.1630158424377441;-0.7005798816680908;3.0
1.5742487907409668;4.170819282531738;-1.5;0.0
0.6713213920593262;4.170963287353516;-1.5;0.0
-0.3244156837463379;0.0599079132080078;-1.5000001192092896;0.0
-1.514164924621582;-1.3296568393707275;-1.5;0.0
0.4490289688110351;0.1184759140014648;1.297735571861267;3.0
-1.2813100814819336;0.5689361095428467;1.3974881172180176;6.0
2.068458318710327;1.5688443183898926;-1.5000001192092896;0.0
-4.924385070800781;-4.054708480834961;-0.4925286769866943;2.0
-1.1213874816894531;2.5746712684631348;1.5;1.0
0.2768764495849609;4.873137950897217;-1.5000001192092896;0.0
-1.2755498886108398;1.569874286651611;0.401918351650238;6.0
0.0672657489776611;2.969124317169189;-1.5;0.0
-1.269215106964111;2.671016216278076;0.499439537525177;6.0
1.073818922042847;0.163353681564331;-0.8017400503158569;3.0
-1.279680252075195;0.8522548675537109;1.0002726316452026;6.0
0.7663805484771729;0.9719462394714355;-1.5000001192092896;0.0
-0.2303729057312011;4.929563522338867;-0.5026233196258545;2.0
0.6706545352935791;0.134394884109497;-1.2989723682403564;3.0
-2.8890604972839355;-2.245367288589477;1.499999761581421;1.0
-4.927786827087402;-4.6295671463012695;0.7949516773223877;2.0
-1.1386418342590332;2.171266555786133;1.5;1.0
1.0691099166870115;0.1630158424377441;-0.8986210823059082;3.0
-1.275550365447998;1.5698740482330322;0.1025919914245605;6.0
1.1772243976593018;1.1720387935638428;-1.5;0.0
-1.0200457572937012;4.466823577880859;-1.5;0.0
1.870625138282776;2.569852352142334;-1.5000001192092896;0.0
-0.9593582153320312;-0.5345885753631592;-1.5;0.0
0.7696352005004883;0.4715244770050049;-1.5;0.0
-4.92719841003418;-4.529905319213867;0.8976985216140747;2.0
1.073819637298584;0.1633546352386474;-0.999518871307373;3.0
-1.4517621994018557;-1.339199781417847;-1.5;0.0
1.6735692024230957;2.572072505950928;-1.5;0.0
-1.275550365447998;1.5698730945587158;1.4023001194000244;6.0
-0.5511775016784668;-0.6152546405792236;1.500000238418579;1.0
0.8654773235321045;0.5712037086486816;-1.5000001192092896;0.0
1.073819637298584;0.1633541584014892;-1.1009442806243896;3.0
-1.2755508422851562;1.5698738098144531;0.2995173335075378;6.0
-1.2801547050476074;0.769646167755127;-0.5040798783302307;6.0
0.6641535758972168;0.4672865867614746;-1.5;0.0
-0.8226089477539062;1.670504093170166;1.4999998807907104;1.0
0.5481281280517578;2.3674635887146;1.4999998807907104;1.0
-0.2276911735534668;4.073859214782715;-1.5;0.0
-1.524975299835205;-1.5332801342010498;-1.5;0.0
-0.917527198791504;4.871917724609375;-1.5;0.0
-4.761269569396973;-4.8288164138793945;1.4999998807907104;1.0
-1.0310211181640625;4.929563522338867;-0.5031843781471252;2.0
-1.6215896606445312;-1.331115961074829;1.4999998807907104;1.0
0.2728791236877441;0.1058228015899658;0.9012452363967896;3.0
1.0691096782684326;0.163015604019165;-1.1982218027114868;3.0
0.8779323101043701;2.07315444946289;-1.5;0.0
0.2739753723144531;4.929563522338867;-1.2014790773391724;2.0
-4.410274505615234;-4.538165092468262;-1.5000001192092896;0.0
-4.927787780761719;-4.629568099975586;0.4011655449867248;2.0
1.0691101551055908;0.1630158424377441;-1.299781084060669;3.0
-4.924385070800781;-4.0547075271606445;-0.7017109394073486;2.0
0.3656449317932129;3.0686254501342773;1.500000238418579;1.0
-0.7243943214416504;2.373227119445801;-1.5;0.0
-1.2772626876831057;1.2724323272705078;0.1026806831359863;6.0
-0.7159562110900879;2.472604751586914;-1.5;0.0
0.4490282535552978;0.1184754371643066;0.3019750118255615;3.0
-1.279632568359375;0.8604838848114014;1.2029504776000977;6.0
-2.7259750366210938;-2.073683977127075;-1.500000238418579;0.0
-4.928380012512207;-4.729693412780762;0.6006349325180054;2.0
-0.2303738594055175;4.929563522338867;0.4996122121810913;2.0
-1.049149513244629;-1.1214606761932373;1.4999998807907104;1.0
1.0738177299499512;0.1633539199829101;-1.4001483917236328;3.0
-1.2692146301269531;2.671016216278076;0.7015731334686279;6.0
1.0738179683685305;0.1633543968200683;-1.4812885522842407;3.0
-0.0622389316558837;1.3004841804504397;-1.500000238418579;0.0
-1.275550365447998;1.5698740482330322;0.7012451887130737;6.0
-1.280107498168945;0.7779343128204346;0.7032935619354248;6.0
1.8889479637146;2.09895396232605;0.7786363363265991;5.0
-1.3378267288208008;-0.9275691509246826;1.5;1.0
0.2745702266693115;1.7726171016693115;-1.4999998807907104;0.0
-2.38032865524292;-2.510552167892456;1.5;1.0
-4.929475784301758;-4.914484024047852;-0.904038906097412;2.0
1.7752914428710938;1.1719794273376465;-1.5000001192092896;0.0
-0.0272760391235351;4.929563522338867;1.1996935606002808;2.0
1.1688902378082275;0.3705129623413086;-1.499999761581421;0.0
-1.2715468406677246;2.265692710876465;-0.999778151512146;6.0
1.682636022567749;1.859835386276245;-1.5;0.0
1.4726002216339111;0.7725684642791748;-1.5000001192092896;0.0
2.27390718460083;1.8705908060073853;-1.499999761581421;0.0
1.844038128852844;4.365790843963623;-1.5000001192092896;0.0
-3.767078399658203;-3.840477228164673;-1.499999761581421;0.0
-1.1257390975952148;2.6691126823425293;1.5;1.0
-2.7228970527648926;-2.822885751724243;-1.5;0.0
1.6745846271514893;1.072716236114502;-1.5;0.0
-1.341230392456055;-1.026768922805786;1.5;1.0
1.0708832740783691;0.2717909812927246;-1.5000001192092896;0.0
-1.729055404663086;-1.8126099109649656;1.499999761581421;1.0
1.0583574771881104;0.2673323154449463;1.500000238418579;1.0
-1.2709660530090332;2.3666820526123047;0.3012080788612366;6.0
0.374138593673706;4.929563522338867;-0.2998038232326507;2.0
-4.929473876953125;-4.914483070373535;0.4986624717712402;2.0
-3.728543281555176;-3.1307079792022705;1.4999998807907104;1.0
-2.008601665496826;-2.029540777206421;-1.5000001192092896;0.0
1.6835970878601074;2.404437780380249;-1.100216507911682;5.0
1.5739586353302002;0.971663236618042;-1.500000238418579;0.0
1.777116298675537;2.401787757873535;-0.8987900018692017;5.0
0.9672608375549316;0.1556997299194336;1.3986642360687256;3.0
0.8684585094451904;0.8673782348632812;-1.5;0.0
1.2657411098480225;0.5678672790527344;-1.5;0.0
1.8677170276641848;1.3708477020263672;-1.5;0.0
-0.6386580467224121;4.929563522338867;-0.4970897734165191;2.0
-0.2189884185791015;-0.223351240158081;-1.5;0.0
-0.3273954391479492;4.673834800720215;1.4999998807907104;1.0
-4.560919761657715;-3.928945302963257;-1.5;0.0
0.8771092891693115;3.073042154312134;-1.5000001192092896;0.0
0.1674044132232666;0.1711852550506591;1.5;1.0
2.173964738845825;1.7711515426635742;-1.5000001192092896;0.0
-0.5315279960632324;-0.5285089015960693;1.500000238418579;1.0
0.96602201461792;2.767544746398926;-1.5000001192092896;0.0
0.5664923191070557;4.929563522338867;-0.7994447946548462;2.0
0.972243070602417;0.1560573577880859;1.4847551584243774;3.0
-2.0081939697265625;-1.4483444690704346;-1.5;0.0
0.7730226516723633;2.369625329971313;-1.5;0.0
0.4794075489044189;0.2769954204559326;-1.5;0.0
-3.132147789001465;-2.4396932125091557;1.4999998807907104;1.0
0.6698095798492432;0.7697041034698486;1.5000004768371582;1.0
0.1679413318634033;2.670719861984253;1.5;1.0
-0.8299417495727539;-0.6331803798675537;1.500000238418579;1.0
-3.512564182281494;-3.5268685817718506;1.500000238418579;1.0
-1.2806825637817385;0.6780855655670166;0.700324296951294;6.0
-0.5272488594055176;1.9711350202560425;-1.5;0.0
0.9672605991363524;0.1556997299194336;1.2001793384552002;3.0
-0.5349602699279785;-0.4324696063995361;1.5;1.0
0.9672605991363524;0.1556997299194336;1.100937008857727;3.0
-0.7275509834289551;4.672987937927246;1.5;1.0
-1.2726826667785645;2.06821346282959;-1.0967693328857422;6.0
-4.929474830627441;-4.914484024047852;1.3982210159301758;2.0
-4.26930046081543;-3.947153806686402;-1.5;0.0
0.870431661605835;0.5708134174346924;1.5;1.0
0.9722435474395752;0.1560583114624023;0.9996507167816162;3.0
0.7711076736450195;0.8737547397613525;-1.5;0.0
1.367816925048828;0.8676245212554932;-1.4999998807907104;0.0
-2.9438729286193848;-3.0997684001922607;-1.4999998807907104;0.0
-4.929474830627441;-4.914484024047852;0.3919355273246765;2.0
1.8889490365982056;2.0989558696746826;-1.299757957458496;5.0
-4.157102584838867;-3.436927080154419;1.500000238418579;1.0
0.972243070602417;0.156057596206665;0.9005435705184937;3.0
-4.68145751953125;-4.83024787902832;1.4999998807907104;1.0
0.9720282554626464;3.8694543838500977;-1.5;0.0
-1.7249560356140137;-1.4290835857391355;1.4999996423721311;1.0
1.9143006801605225;2.1492257118225098;-0.2003598511219024;5.0
0.6706545352935791;0.134394884109497;0.1013467907905578;3.0
-1.261754035949707;3.967589855194092;-0.7986276149749756;6.0
0.9273908138275146;0.943023920059204;1.499999761581421;1.0
0.972243309020996;0.1560578346252441;0.8014360666275024;3.0
0.047917366027832;-0.0062532424926757;1.500000238418579;1.0
0.9672608375549316;0.1556997299194336;0.6987440586090088;3.0
-3.012545108795166;-2.5217082500457764;1.500000238418579;1.0
0.0666303634643554;2.0693929195404053;1.4999998807907104;1.0
0.9672613143920898;0.1557002067565918;0.500259280204773;3.0
0.6890313625335693;0.9633641242980956;-1.5;0.0
-0.3262834548950195;2.6748268604278564;1.500000238418579;1.0
-1.2634410858154297;3.674448013305664;0.901146650314331;6.0
1.3751811981201172;1.2723510265350342;-1.5000001192092896;0.0
-1.267512321472168;2.966819524765014;1.201439380645752;6.0
0.9722435474395752;0.1560583114624023;0.3006830811500549;3.0
0.2011125087738037;0.10066819190979;0.1032100915908813;3.0
0.9672610759735109;0.1557002067565918;0.0980662107467651;3.0
-0.5284576416015625;4.929563522338867;-0.298886626958847;2.0
0.3600225448608398;1.5857272148132324;1.5;1.0
-4.762686729431152;-4.929563522338867;0.994309663772583;2.0
-4.8185319900512695;-3.9593217372894287;1.5;1.0
0.9672608375549316;0.1556997299194336;-0.0011761486530303;3.0
-4.828120231628418;-4.929564476013184;0.0061820149421691;2.0
-0.927161693572998;3.967968463897705;-1.5;0.0
-3.0059351921081543;-2.351118326187134;1.4999998807907104;1.0
0.7672791481018066;0.1601824760437011;1.5;1.0
-1.279680252075195;0.8522546291351318;-0.2031979858875274;6.0
0.9672610759735109;0.1556997299194336;-0.1004184484481811;3.0
0.972243309020996;0.1560580730438232;-0.2000696957111358;3.0
-0.1211321353912353;3.372811794281006;-1.5;0.0
0.4745430946350097;0.271822452545166;1.5;1.0
-0.9229578971862792;3.4740781784057617;1.4999998807907104;1.0
0.7728793621063232;0.1417374610900879;0.8999043703079224;3.0
0.9686079025268556;4.929563522338867;-1.479029893875122;2.0
1.1689739227294922;0.5721621513366699;-1.4999998807907104;0.0
0.9672608375549316;0.1556997299194336;-0.2989033758640289;3.0
0.9672608375549316;0.1556997299194336;-0.398145854473114;3.0
-4.925444602966309;-4.233697891235352;-1.3027735948562622;2.0
-2.8158621788024902;-2.828063726425171;-1.5;0.0
0.4734647274017334;2.3697524070739746;1.500000238418579;1.0
-1.0332341194152832;-1.030761480331421;-1.5;0.0
1.8889490365982056;2.0989556312561035;0.1010403037071228;5.0
0.8707244396209717;0.4709081649780273;-1.5;0.0
0.972243070602417;0.156057596206665;-0.4973917305469513;3.0
-1.2749757766723633;1.6698319911956787;1.299639105796814;6.0
2.0690174102783203;2.17000150680542;-1.5;0.0
-1.134183406829834;0.5971567630767822;1.4999996423721311;1.0
0.9672608375549316;0.1556997299194336;-0.6018539667129517;3.0
1.672091007232666;1.6693525314331057;-1.4999998807907104;0.0
0.4745604991912842;2.1716952323913574;1.500000238418579;1.0
0.9672608375549316;0.1556997299194336;-0.70109623670578;3.0
-0.1259896755218505;4.929563522338867;0.2983044385910034;2.0
0.972243309020996;0.1560580730438232;-0.7999300956726074;3.0
0.2704167366027832;2.169466018676758;1.4999998807907104;1.0
-3.894201278686523;-3.3264081478118896;-1.5;0.0
-1.2692136764526367;2.671016216278076;-1.4844659566879272;6.0
0.9672613143920898;0.1557002067565918;-0.8995811939239502;3.0
-0.6226387023925781;-0.3262636661529541;1.500000238418579;1.0
0.9672608375549316;0.1556997299194336;-0.9988235235214232;3.0
-1.7861666679382324;-1.247450590133667;-1.5;0.0
-0.8285126686096191;-0.8258183002471924;1.4999995231628418;1.0
0.967261552810669;0.15570068359375;-1.0980660915374756;3.0
0.972243070602417;0.1560578346252441;-1.201575517654419;3.0
-0.9319772720336914;4.470949649810791;-1.5;0.0
-4.597373962402344;-3.9313676357269287;1.500000238418579;1.0
-2.170271396636963;-2.295799970626831;-1.5000001192092896;0.0
-0.2189030647277832;1.4687652587890625;-1.500000238418579;0.0
0.7759184837341309;0.276613712310791;-1.4999998807907104;0.0
0.972243309020996;0.1560578346252441;-1.300682783126831;3.0
-2.96903657913208;-3.09930157661438;1.499999761581421;1.0
-1.2715473175048828;2.2656924724578857;-0.6030074954032898;6.0
0.6667146682739258;3.869333028793335;-1.5;0.0
-1.2646188735961914;3.4698486328125;-0.8997708559036255;6.0
-3.3296289443969727;-3.1252472400665283;1.5;1.0
2.1228585243225098;3.329782485961914;-1.5;0.0
0.8760268688201904;0.3695521354675293;-1.5;0.0
-3.420389175415039;-3.434415578842163;1.5;1.0
-0.0548391342163085;1.298874855041504;1.499999761581421;1.0
1.3720371723175049;1.071585178375244;-1.5;0.0
-0.1288015842437744;4.270633697509766;-1.499999761581421;0.0
0.967259645462036;0.1556999683380127;-1.4010167121887207;3.0
1.177356243133545;0.471583604812622;-1.5;0.0
0.2739746570587158;4.929563522338867;1.0005759000778198;2.0
2.329568386077881;2.4575271606445312;-1.499999761581421;0.0
-1.6383953094482422;-1.326596975326538;-1.5;0.0
0.5003960132598877;0.1221652030944824;-1.097769021987915;3.0
-1.96044397354126;-1.6414415836334229;-1.5;0.0
1.4747109413146973;0.8698594570159912;-1.5;0.0
1.861173748970032;2.354015827178955;-0.4983958005905151;5.0
0.8699564933776855;0.1487104892730713;0.09787517786026;3.0
-0.7351880073547363;4.929563522338867;1.2001384496688845;2.0
-4.92661190032959;-4.43071174621582;0.592941403388977;2.0
0.7673373222351074;0.1413397789001464;1.1002225875854492;3.0
-1.266930103302002;3.068065643310547;-0.4008341133594513;6.0
1.0706424713134766;4.929563522338867;-1.2001186609268188;2.0
1.7708349227905271;1.270035982131958;-1.5000001192092896;0.0
-4.92486572265625;-4.135883331298828;-1.480560541152954;2.0
0.5751245021820068;0.1275322437286377;-0.9019001126289368;3.0
2.0716261863708496;1.671966552734375;-1.5;0.0
0.0738823413848877;2.468919515609741;1.4999998807907104;1.0
1.0648434162139893;0.3690645694732666;-1.5000001192092896;0.0
-2.9875502586364746;-2.5238635540008545;-1.5000001192092896;0.0
0.4682850837707519;4.929563522338867;-1.4794917106628418;2.0
0.0592010021209716;1.5698044300079346;-1.4999998807907104;0.0
0.1778051853179931;4.170431613922119;-1.4999998807907104;0.0
-4.86533260345459;-4.734167098999023;1.500000238418579;1.0
1.3773791790008545;0.7724728584289551;-1.5;0.0
1.873853087425232;3.771522521972656;-1.5;0.0
1.9223301410675049;2.231057643890381;-0.7009827494621277;5.0
0.8704864978790283;4.871127128601074;-1.5;0.0
1.6723966598510742;1.1692636013031006;-1.4999998807907104;0.0
0.5690009593963623;0.1270930767059326;-0.5028957724571228;3.0
1.9223300218582156;2.231057643890381;-0.9003831148147583;5.0
0.2658064365386963;0.1053142547607421;0.5985429286956787;3.0
-1.2793960571289062;0.901535987854004;-0.8935326337814331;6.0
-1.27897310256958;0.9750607013702391;1.0003238916397097;6.0
1.2407333850860596;4.929563522338867;0.7597203254699707;2.0
-0.6338300704956055;4.372375965118408;-1.5;0.0
-4.926610946655273;-4.430710792541504;-1.2914397716522217;2.0
0.9732508659362792;0.2717974185943603;1.5;1.0
-1.215226650238037;-0.9271209239959716;-1.5;0.0
-0.5261387825012207;1.4701735973358154;1.500000238418579;1.0
1.2760543823242188;0.7723703384399414;-1.5000001192092896;0.0
0.4490282535552978;0.1184754371643066;1.3991007804870603;3.0
-1.2807302474975586;0.6697275638580322;-0.8975204229354858;6.0
-1.1309185028076172;-1.2141191959381104;1.500000238418579;1.0
0.8691470623016357;2.171677350997925;-1.5;0.0
-1.2761311531066897;1.4690067768096924;-0.7017761468887329;6.0
-4.792265892028809;-4.223296165466309;-1.5000001192092896;0.0
0.978019952774048;0.2717964649200439;-1.5;0.0
-0.1334738731384277;4.766607284545898;-1.5000001192092896;0.0
1.96993100643158;1.5691919326782229;-1.5;0.0
-0.8363180160522461;4.929563522338867;-0.3018565773963928;2.0
-2.7971625328063965;-2.150021314620972;-1.5;0.0
0.5003957748413086;0.1221649646759033;1.09895920753479;3.0
0.5003955364227295;0.1221644878387451;1.3993163108825684;3.0
1.043247938156128;0.3652310371398926;1.500000238418579;1.0
-4.849190711975098;-4.635764122009277;-1.499999761581421;0.0
-1.2726831436157229;2.068212985992432;0.6973896026611328;6.0
-0.3247270584106445;4.929563522338867;-1.4010777473449707;2.0
0.9723024368286132;0.3715705871582031;-1.4999998807907104;0.0
-2.339544773101806;-1.930924654006958;-1.5;0.0
-0.8378725051879883;-0.8351867198944092;-1.5;0.0
0.5003957748413086;0.1221654415130615;0.7986023426055908;3.0
-2.960145950317383;-2.536280870437622;1.4999996423721311;1.0
-1.271505355834961;2.2729363441467285;1.4030959606170654;6.0
1.2709450721740725;0.6710638999938965;-1.5;0.0
0.4784009456634521;4.929563522338867;-0.4000364243984222;2.0
0.670654296875;0.1343946456909179;-0.1019252240657806;3.0
-0.2326440811157226;3.567999601364136;1.4999998807907104;1.0
2.271397590637207;1.9700219631195068;-1.5000001192092896;0.0
-1.2737970352172852;1.8745923042297363;0.902292251586914;6.0
-0.4419384002685547;2.3707168102264404;-1.499999761581421;0.0
0.8704609870910645;0.16788911819458;1.499999761581421;1.0
-1.942467212677002;-1.9299581050872805;1.500000238418579;1.0
0.350081205368042;3.1683578491210938;1.5;1.0
-3.5817127227783203;-3.724482774734497;1.500000238418579;1.0
-3.11775016784668;-3.2242681980133057;-1.5;0.0
-1.26861572265625;2.775153636932373;-1.1965277194976809;6.0
-0.2303724288940429;4.929563522338867;-1.001117467880249;2.0
-0.5327706336975098;4.46884298324585;-1.499999761581421;0.0
0.8699569702148438;0.1487107276916504;1.4008671045303345;3.0
0.8699569702148438;0.1487107276916504;1.2989869117736816;3.0
-4.844598770141602;-4.929563522338867;-0.795093297958374;2.0
-1.6166887283325195;-1.2249476909637451;1.5;1.0
0.2668602466583252;3.668187141418457;-1.5;0.0
0.8699567317962646;0.1487107276916504;1.2024691104888916;3.0
-1.2720909118652344;2.1710610389709477;0.4004936218261719;6.0
0.4490289688110351;0.1184759140014648;1.100968360900879;3.0
-0.21124267578125;0.1627287864685058;-1.5000001192092896;0.0
0.8699562549591064;0.1487104892730713;1.1005892753601074;3.0
-1.2761316299438477;1.4690065383911133;0.2002826333045959;6.0
0.2007181644439697;0.5436630249023438;1.4999998807907104;1.0
-1.81597900390625;-1.326448678970337;1.4999998807907104;1.0
-1.021176815032959;-0.9264109134674072;1.500000238418579;1.0
-1.1246614456176758;0.8785490989685059;-1.5000001192092896;0.0
0.7684285640716553;4.86820125579834;-1.5;0.0
0.8699562549591064;0.1487102508544922;0.9987095594406128;3.0
-3.705952644348145;-3.222057580947876;1.4999998807907104;1.0
0.8699562549591064;0.1487102508544922;0.902191400527954;3.0
-4.828119277954102;-4.929563522338867;-1.2026101350784302;2.0
0.772878885269165;0.1417369842529297;0.3003385663032532;3.0
-2.79518985748291;-2.530534029006958;-1.5;0.0
-2.638235569000244;-2.428492784500122;-1.5000001192092896;0.0
-1.2801547050476074;0.769646167755127;0.0998233556747436;6.0
-3.2962117195129395;-2.9316437244415283;-1.5;0.0
-2.8880491256713867;-2.926218748092652;-1.5;0.0
-1.0210542678833008;-0.7257230281829834;1.499999761581421;1.0
0.7728793621063232;0.1417379379272461;-0.6017611026763916;3.0
0.8699562549591064;0.1487104892730713;0.8003113269805908;3.0
0.0738387107849121;3.772541761398315;-1.5;0.0
-0.6350111961364746;-0.5303294658660889;1.4999998807907104;1.0
1.5707738399505615;3.37129545211792;-1.4999998807907104;0.0
0.8699562549591064;0.1487102508544922;0.6984314918518066;3.0
1.4693357944488523;2.872266292572021;-1.5000001192092896;0.0
0.4760456085205078;4.473893642425537;-1.5000001192092896;0.0
0.8699562549591064;0.1487104892730713;0.601913332939148;3.0
2.27059268951416;2.270813465118408;-1.499999761581421;0.0
-1.138768196105957;1.4639058113098145;-1.4999998807907104;0.0
0.4490284919738769;0.1184756755828857;0.600106954574585;3.0
0.7673368453979492;0.1413395404815673;-0.0014796257019042;3.0
-3.972775936126709;-4.048382759094238;-1.5;0.0
-1.26861572265625;2.775153636932373;-0.6974111795425415;6.0
0.8699560165405273;0.148710012435913;0.5000334978103638;3.0
0.1672170162200927;4.929563522338867;-1.2011505365371704;2.0
-1.2784132957458496;1.0723638534545898;1.2999540567398071;6.0
-1.4298505783081057;-1.4278113842010498;-1.5;0.0
-1.4437837600708008;-1.1330363750457764;-1.5;0.0
1.0267627239227295;0.541168212890625;1.5;1.0
0.4800577163696289;1.9708223342895508;-1.5;0.0
-4.926610946655273;-4.430710792541504;-0.4020119607448578;2.0
-1.2738409042358398;1.8670746088027956;1.2991256713867188;6.0
-1.2720913887023926;2.171060800552368;1.1975263357162476;6.0
0.8699567317962646;0.1487104892730713;0.301635205745697;3.0
0.8699562549591064;0.1487102508544922;0.1997553706169128;3.0
0.7728793621063232;0.1417379379272461;-0.3982387483119964;3.0
-1.2588586807250977;4.47074556350708;0.2019268274307251;6.0
-1.26861572265625;2.775153636932373;0.1965284943580627;6.0
0.8699562549591064;0.1487104892730713;0.0013571977615356;3.0
-4.828120231628418;-4.929563522338867;0.5048090219497681;2.0
-2.1254849433898926;-1.6313798427581787;1.5000004768371582;1.0
-1.564948558807373;-1.687345266342163;1.5;1.0
0.8670878410339355;3.167630195617676;-1.5;0.0
0.772878885269165;0.1417372226715088;0.2013275027275085;3.0
0.8699564933776855;0.1487107276916504;-0.1005227267742157;3.0
-4.926610946655273;-4.430710792541504;0.8944419622421265;2.0
0.8699567317962646;0.1487107276916504;-0.2024028599262237;3.0
1.8592817783355715;2.3559556007385254;-0.700635552406311;5.0
-1.2738404273986816;1.867074728012085;0.001268446445465;6.0
0.7671387195587158;0.8699102401733398;1.4999996423721311;1.0
-0.7351870536804199;4.929563522338867;0.5034091472625732;2.0
0.7728796005249023;0.141737699508667;0.8008933067321777;3.0
-1.2738409042358398;1.8670743703842163;-0.0997622311115264;6.0
0.8699567317962646;0.1487107276916504;-0.2989208698272705;3.0
0.8699567317962646;0.1487109661102295;-0.4008009433746338;3.0
-4.844598770141602;-4.929563522338867;0.0977541208267211;2.0
1.9086663722991943;2.2836639881134038;-0.4984168708324432;5.0
0.8699564933776855;0.1487107276916504;-0.4973187446594238;3.0
0.071939468383789;2.773127555847168;-1.5;0.0
-3.060042381286621;-2.630021333694458;-1.5000001192092896;0.0
-1.031022071838379;4.929563522338867;-1.101931095123291;2.0
0.7728793621063232;0.141737699508667;-0.299227774143219;3.0
-1.2816991806030271;0.5012540817260742;-0.6940172910690308;6.0
-0.4239554405212402;4.929563522338867;-0.2985683083534241;2.0
2.0686755180358887;1.768949031829834;-1.5;0.0
0.5759587287902832;4.929563522338867;1.0006473064422607;2.0
-0.0531098842620849;-0.1089513301849365;1.5;1.0
0.8699567317962646;0.1487109661102295;-0.5991988778114319;3.0
0.7728791236877441;0.141737699508667;0.3993493914604187;3.0
-0.2363443374633789;3.07162880897522;-1.4999998807907104;0.0
0.7625899314880371;1.875597357749939;-1.5000001192092896;0.0
-1.2772622108459473;1.2724323272705078;1.1004958152770996;6.0
0.8699569702148438;0.1487112045288086;-0.7010787725448608;3.0
-0.9308981895446776;3.47352933883667;-1.5;0.0
0.7728791236877441;0.1417372226715088;-1.3003379106521606;3.0
1.888949513435364;2.098956346511841;-0.2019232213497162;5.0
-2.3279004096984863;-1.7376201152801514;1.5;1.0
0.8699567317962646;0.1487107276916504;-0.7975969314575195;3.0
-1.2582907676696775;4.569481372833252;-0.1968192756175995;6.0
-1.2477383613586426;2.7725064754486084;1.5;1.0
0.8699569702148438;0.1487109661102295;-0.8994768261909485;3.0
1.8699060678482056;2.8714425563812256;-1.5;0.0
-1.2703895568847656;2.4667255878448486;0.7963516712188721;6.0
-0.7251124382019043;3.867000579833984;-1.5;0.0
0.8699564933776855;0.1487104892730713;-1.0978749990463257;3.0
-1.2772622108459473;1.2724320888519287;1.4038316011428833;6.0
1.783901929855347;1.95670747756958;-1.5;0.0
0.8699548244476318;0.1487104892730713;-1.1997549533843994;3.0
0.8699548244476318;0.1487107276916504;-1.3016347885131836;3.0
-2.128016471862793;-1.923060655593872;1.500000238418579;1.0
-2.427320003509521;-2.2360236644744877;-1.4999998807907104;0.0
0.7673368453979492;0.1413393020629882;0.4997950196266174;3.0
-4.174726486206055;-4.329601287841797;-1.4999998807907104;0.0
-3.8601908683776855;-3.337819814682007;1.500000238418579;1.0
-1.031022071838379;4.929563522338867;-0.5987293124198914;2.0
-0.4266090393066406;1.1690008640289309;-1.5;0.0
0.8699550628662109;0.1487104892730713;-1.3981530666351318;3.0
0.5676853656768799;0.4720058441162109;1.500000238418579;1.0
0.5740799903869629;4.768790245056152;-1.4999998807907104;0.0
0.8699550628662109;0.1487104892730713;-1.4839465618133545;3.0
-1.9590702056884768;-1.935490369796753;-1.5;0.0
-3.239215850830078;-2.62742018699646;1.500000238418579;1.0
0.6762843132019043;4.929563522338867;-0.1003746688365936;2.0
-1.1232671737670898;4.929563522338867;-1.1011528968811035;2.0
0.7673368453979492;0.1413393020629882;-0.4972455501556396;3.0
-0.0303559303283691;4.272157192230225;-1.5;0.0
0.3760037422180176;3.368922710418701;-1.5;0.0
1.8696036338806152;1.4705240726470947;-1.5;0.0
-1.2807307243347168;0.669727087020874;0.0942322015762329;6.0
0.3648016452789306;1.5888104438781738;-1.5;0.0
0.2695255279541015;3.869521856307984;-1.5;0.0
-2.397462844848633;-1.777656316757202;1.5;1.0
0.5003960132598877;0.1221652030944824;0.3981262445449829;3.0
-4.762686729431152;-4.929562568664551;-1.1983450651168823;2.0
1.777116298675537;2.401787757873535;-0.1012097895145416;5.0
-1.258859157562256;4.47074556350708;-0.5034235715866089;6.0
-1.536931037902832;-1.42266583442688;1.500000238418579;1.0
1.4749410152435305;0.9729645252227784;-1.5;0.0
-1.2755513191223145;1.5698726177215576;0.8036470413208008;6.0
-4.924385070800781;-4.054708480834961;0.7027983665466309;2.0
1.2787129878997805;1.1714696884155271;-1.5000001192092896;0.0
1.777116060256958;2.401787757873535;0.2992352843284607;5.0
1.6835973262786863;2.404438018798828;0.1002169847488403;5.0
-1.279679298400879;0.85225510597229;1.3987188339233398;6.0
-1.338137149810791;-1.326129674911499;-1.5000001192092896;0.0
-1.7652935981750488;-1.3318617343902588;-1.5;0.0
-1.266930103302002;3.068065643310547;0.7964991331100464;6.0
-0.1214656829833984;0.068521499633789;-1.5;0.0
1.074595928192139;0.4731607437133789;-1.4999998807907104;0.0
0.4490284919738769;0.1184756755828857;0.0992454290390014;3.0
-0.5232224464416504;2.669548988342285;1.5;1.0
-1.319401741027832;-1.2290093898773191;1.4999996423721311;1.0
-0.2326412200927734;4.269028186798096;-1.5000001192092896;0.0
-4.315581321716309;-4.332308769226074;-1.5;0.0
-1.2680611610412598;2.871427059173584;-1.2971500158309937;6.0
-4.926609992980957;-4.430710792541504;-0.5979869961738586;2.0
-1.2793965339660645;0.9015355110168456;1.1998999118804932;6.0
0.0772047042846679;1.4709453582763672;1.4999998807907104;1.0
-4.762687683105469;-4.929564476013184;-0.7928542494773865;2.0
-0.4239606857299804;4.929563522338867;1.0976568460464478;2.0
-0.6365242004394531;1.5711421966552734;1.5;1.0
1.973752498626709;3.471214532852173;-1.5;0.0
-2.8236470222473145;-2.321498155593872;1.500000238418579;1.0
0.201113224029541;0.1006684303283691;0.2990164756774902;3.0
2.173757314682007;1.872704029083252;-1.5;0.0
0.7663576602935791;0.671154260635376;1.4999998807907104;1.0
0.9686734676361084;0.3671584129333496;1.5;1.0
-1.270965576171875;2.3666820526123047;-0.602523922920227;6.0
-4.929473876953125;-4.914483070373535;1.0018054246902466;2.0
-4.554102897644043;-4.716720581054688;1.4999998807907104;1.0
1.774677276611328;1.3723409175872805;-1.5000001192092896;0.0
-1.439814567565918;-1.3274915218353271;1.5;1.0
-1.262897491455078;3.768941402435303;0.5964864492416382;6.0
0.8752024173736572;0.271803617477417;1.499999761581421;1.0
-1.2646183967590332;3.4698486328125;-0.1002281904220581;6.0
1.968961834907532;1.9712035655975344;-1.5;0.0
1.3687331676483154;4.929563522338867;-1.000449538230896;2.0
0.670654296875;0.1343946456909179;-0.7004486322402954;3.0
0.3741383552551269;4.929563522338867;0.9981703758239746;2.0
0.8802280426025391;0.2718009948730469;-1.5000001192092896;0.0
-1.1291141510009766;2.371943950653076;1.500000238418579;1.0
-4.836428642272949;-4.524872779846191;1.4999998807907104;1.0
0.875697135925293;0.4706463813781738;1.500000238418579;1.0
0.500396728515625;0.1221659183502197;-0.3027066886425018;3.0
-2.660106658935547;-2.796583414077759;1.5;1.0
-3.850167751312256;-3.631413221359253;1.500000238418579;1.0
-4.928977012634277;-4.830287933349609;1.3945006132125854;2.0
1.6685609817504885;1.2711193561553955;-1.5000001192092896;0.0
-3.475409030914306;-3.5597193241119385;-1.4999998807907104;0.0
0.7728791236877441;0.1417374610900879;-1.4818580150604248;3.0
-0.0381643772125244;2.2701966762542725;-1.5;0.0
1.2686245441436768;1.2687525749206543;-1.5;0.0
-0.2358293533325195;1.772799730300903;-1.5;0.0
1.8889491558074951;2.0989558696746826;-0.8990644216537476;5.0
-1.3227519989013672;-1.3304460048675537;1.4999998807907104;1.0
1.1669211387634275;2.269941806793213;-1.4999998807907104;0.0
-1.261754035949707;3.967589855194092;-1.199140191078186;6.0
-4.929473876953125;-4.914483070373535;0.8035976886749268;2.0
-0.6299424171447754;2.672539472579956;1.5;1.0
1.914301514625549;2.1492271423339844;-1.3989198207855225;5.0
1.036243200302124;0.4665837287902832;1.500000238418579;1.0
0.5690011978149414;0.1270933151245117;-0.2017388939857483;3.0
1.1762828826904297;0.6740679740905762;-1.5;0.0
-0.6198811531066895;4.929563522338867;0.8990851640701294;2.0
-1.2600126266479492;4.270197868347168;-0.6003281474113464;6.0
1.5719220638275146;1.1698260307312012;-1.5;0.0
-1.2778582572937012;1.1688389778137207;1.0036126375198364;6.0
-0.1259951591491699;4.929563522338867;1.2980997562408447;2.0
0.7830014228820801;1.0604395866394043;-1.5;0.0
-0.535362720489502;3.869495630264282;-1.5;0.0
0.7728793621063232;0.141737699508667;1.4004595279693604;3.0
0.2658066749572754;0.1053152084350586;-1.00103497505188;3.0
-1.2720918655395508;2.171060562133789;0.6993808746337891;6.0
-0.2318849563598632;4.66696834564209;1.499999761581421;1.0
0.5750343799591064;0.3723382949829101;-1.4999998807907104;0.0
-0.7351875305175781;4.929563522338867;1.4026063680648804;2.0
0.7673370838165283;0.1413395404815673;1.2985292673110962;3.0
0.7673368453979492;0.1413393020629882;1.1993759870529177;3.0
1.0701756477355957;0.7697086334228516;-1.5;0.0
-2.0591487884521484;-2.1255195140838623;-1.5;0.0
-2.6467204093933105;-2.038022756576538;-1.5;0.0
-2.9143595695495605;-2.7214434146881104;1.5;1.0
0.7728796005249023;0.1417379379272461;0.998915195465088;3.0
1.075119972229004;3.670962333679199;-1.5;0.0
0.7728791236877441;0.1417374610900879;0.7018826007843018;3.0
-4.828119277954102;-4.929563522338867;-0.7039831280708313;2.0
0.7673368453979492;0.1413393020629882;0.5989483594894409;3.0
-2.917511463165283;-2.320884943008423;1.4999998807907104;1.0
-4.929474830627441;-4.914483070373535;-0.7973113059997559;2.0
-2.3349766731262207;-2.030353784561157;1.500000238418579;1.0
-0.1392827033996582;-0.1282713413238525;-1.4999998807907104;0.0
0.7728793621063232;0.1417374610900879;0.1023164391517639;3.0
-1.2749762535095217;1.6698315143585205;-0.1980996131896972;6.0
-1.2738404273986816;1.867074728012085;-0.9002372026443481;6.0
-4.692093849182129;-4.62840461730957;-1.5000001192092896;0.0
0.7728791236877441;0.1417374610900879;-0.1012058556079864;3.0
-0.7351870536804199;4.929563522338867;-1.3009400367736816;2.0
0.7673366069793701;0.1413393020629882;-0.1997859477996826;3.0
0.7646481990814209;2.467679023742676;-1.5;0.0
0.4490284919738769;0.1184754371643066;0.7968740463256836;3.0
-4.92486572265625;-4.135883331298828;-0.896715521812439;2.0
1.9227097034454343;2.197545528411865;-1.00024676322937;5.0
-4.565043449401856;-4.518239974975586;-1.5;0.0
1.6835975646972656;2.404438018798828;0.2997156977653503;5.0
0.0649678707122802;3.065511703491211;-1.5;0.0
-0.8323884010314941;-0.5309698581695557;1.4999998807907104;1.0
0.7728793621063232;0.141737699508667;-0.7007718086242676;3.0
-1.280107021331787;0.7779345512390137;0.4014502763748169;6.0
1.4556517601013184;4.929563522338867;-0.2015200555324554;2.0
0.1672158241271972;4.929563522338867;-1.4778592586517334;2.0
0.575124979019165;0.127532958984375;1.0989271402359009;3.0
-1.273238182067871;1.971832036972046;0.9966148138046264;6.0
-0.9207568168640136;4.929563522338867;-0.900871992111206;2.0
-1.031022071838379;4.929563522338867;-0.1974415779113769;2.0
0.7673370838165283;0.1413395404815673;-0.8002138137817383;3.0
-0.0312821865081787;3.3676469326019287;-1.5;0.0
0.772878885269165;0.1417369842529297;-0.8987938165664673;3.0
-1.019176959991455;0.9802851676940918;-1.5;0.0
-1.2565560340881348;4.870923042297363;1.4011857509613037;6.0
-4.929474830627441;-4.914483070373535;0.1937277913093567;2.0
0.767336368560791;0.1413390636444091;-0.998520016670227;3.0
0.7699763774871826;4.929563522338867;0.9937955141067504;2.0
-1.123267650604248;4.929563522338867;0.6015729904174805;2.0
0.2011127471923828;0.10066819190979;0.0021487474441528;3.0
-0.9422974586486816;1.9654916524887085;-1.5000001192092896;0.0
-0.423954963684082;4.929563522338867;0.7996466159820557;2.0
-1.2778582572937012;1.1688387393951416;-1.4021674394607544;6.0
-1.274975299835205;1.6698319911956787;-1.4841156005859375;6.0
1.569514274597168;3.8710007667541504;-1.5;0.0
1.9685395956039429;1.6697161197662354;-1.499999761581421;0.0
-4.844598770141602;-4.929563522338867;-0.901024580001831;2.0
1.9227097034454343;2.197545528411865;-1.29880690574646;5.0
-4.223541259765625;-4.132208824157715;-1.5;0.0
-4.926027297973633;-4.331977844238281;1.4025609493255615;2.0
0.772878885269165;0.1417372226715088;-1.2013270854949951;3.0
-3.3233861923217773;-2.9306399822235107;1.499999761581421;1.0
-2.9365220069885254;-2.730198621749878;-1.5;0.0
0.9760861396789552;0.8715260028839111;-1.5;0.0
1.8889491558074951;2.0989561080932617;-1.0000522136688232;5.0
-1.2749757766723633;1.6698317527770996;-1.099879264831543;6.0
0.2011127471923828;0.1006679534912109;-1.1979548931121826;3.0
-0.0241522789001464;4.772908687591553;-1.5;0.0
0.7728791236877441;0.141737699508667;-1.3993489742279053;3.0
-1.276716709136963;1.3672192096710205;-1.4816884994506836;6.0
1.067549705505371;0.5723536014556885;-1.5;0.0
-1.2761311531066897;1.4690070152282717;-0.4010898470878601;6.0
0.67173171043396;0.3699581623077392;1.4999998807907104;1.0
-3.27858829498291;-3.4426157474517822;-1.4999998807907104;0.0
2.421520471572876;2.1220080852508545;-1.5000001192092896;0.0
-0.0251355171203613;1.673513889312744;1.4999995231628418;1.0
-3.902344703674317;-3.420416116714477;1.500000238418579;1.0
0.5690009593963623;0.1270933151245117;1.1997981071472168;3.0
2.0727462768554688;3.1718437671661377;-1.500000238418579;0.0
-1.2415227890014648;-1.3170154094696045;1.5;1.0
1.4760820865631104;1.0706422328948977;-1.5;0.0
0.9694583415985109;3.068470001220703;-1.5;0.0
-1.26171875;3.973732948303223;-1.402629852294922;6.0
-0.5412631034851074;-0.6135709285736084;-1.5000001192092896;0.0
0.4490282535552978;0.1184749603271484;-0.3002515137195587;3.0
0.5661890506744385;0.570406436920166;1.499999761581421;1.0
0.6706545352935791;0.134394884109497;0.2989726066589355;3.0
-1.2793965339660645;0.9015357494354248;-0.0009838044643402;6.0
-0.2303733825683593;4.929563522338867;1.097805142402649;2.0
-3.6437063217163086;-3.233628511428833;1.5;1.0
-4.928380966186523;-4.729694366455078;1.1927005052566528;2.0
0.5003957748413086;0.1221652030944824;0.4982452988624573;3.0
-1.1334824562072754;2.4681758880615234;1.5;1.0
1.8706941604614256;1.57118558883667;-1.5;0.0
1.3699455261230469;0.9704976081848145;-1.5;0.0
-0.9219884872436525;-0.9284732341766356;1.4999998807907104;1.0
2.273101806640625;2.0720055103302;-1.499999761581421;0.0
0.5690007209777832;0.1270930767059326;1.298253297805786;3.0
-0.5434775352478027;2.1649820804595947;-1.4999998807907104;0.0
-0.5284590721130371;4.929563522338867;1.400660753250122;2.0
0.3737266063690185;0.2718262672424316;1.5;1.0
1.6835973262786863;2.404438018798828;-0.8009680509567261;5.0
1.670593023300171;3.57116436958313;-1.5;0.0
1.675382137298584;1.370588779449463;-1.5;0.0
-1.266930103302002;3.068065643310547;-1.2969977855682373;6.0
-1.2600126266479492;4.270197868347168;0.797350287437439;6.0
1.1680235862731934;0.7722599506378174;-1.500000238418579;0.0
0.2658066749572754;0.1053147315979003;-0.5964723825454712;3.0
-1.2790203094482422;0.9669158458709716;1.3973135948181152;6.0
-1.2611565589904783;4.071524620056152;-1.3981724977493286;6.0
0.3695335388183594;0.1127655506134033;-1.4752061367034912;3.0
1.668633222579956;3.470172882080078;-1.4999998807907104;0.0
0.6706540584564209;0.1343946456909179;1.2983940839767456;3.0
-1.2793965339660645;0.9015357494354248;-0.5933115482330322;6.0
-1.2801556587219238;0.7696459293365479;-0.3000587522983551;6.0
-4.927196502685547;-4.529903411865234;0.2026272416114807;2.0
0.4490282535552978;0.1184754371643066;-0.8011131286621094;3.0
-1.2715468406677246;2.265692710876465;-0.7021999359130859;6.0
0.6706540584564209;0.1343946456909179;1.202404499053955;3.0
-1.2617535591125488;3.967589855194092;-0.5948579907417297;6.0
0.6706545352935791;0.1343946456909179;1.1007683277130127;3.0
-2.5399699211120605;-2.035391092300415;1.499999761581421;1.0
-4.928380966186523;-4.729694366455078;0.4032800197601318;2.0
-0.2388157844543457;2.670273780822754;-1.5;0.0
-0.1310393810272216;-0.12758469581604;1.5;1.0
0.6706540584564209;0.1343944072723388;0.99913227558136;3.0
1.922709822654724;2.197545528411865;-0.6000491976737976;5.0
-2.655706882476806;-2.63020920753479;1.5;1.0
-1.2807302474975586;0.669727087020874;-0.594257116317749;6.0
-1.1642351150512695;-1.1333253383636477;-1.5;0.0
-3.8243136405944815;-3.233172655105591;1.5;1.0
0.6706540584564209;0.1343944072723388;0.8974963426589966;3.0
2.071100234985352;1.870098352432251;-1.499999761581421;0.0
-1.2588586807250977;4.47074556350708;-1.4005203247070312;6.0
0.670654296875;0.134394884109497;0.801506519317627;3.0
-3.4642934799194336;-3.6046669483184814;-1.4999998807907104;0.0
-0.910496711730957;-0.9260060787200928;-1.5;0.0
-0.1328861713409423;4.469596862792969;1.500000238418579;1.0
1.9143010377883911;2.149226188659668;-1.2995741367340088;5.0
-0.1262140274047851;4.870887756347656;1.5;1.0
-1.2778582572937012;1.1688389778137207;1.0998440980911257;6.0
0.5690007209777832;0.1270933151245117;-1.4005742073059082;3.0
-2.0277976989746094;-2.0264151096343994;1.500000238418579;1.0
0.670654296875;0.1343946456909179;0.5022445917129517;3.0
-2.7931675910949707;-2.919842004776001;-1.5000001192092896;0.0
-0.2303733825683593;4.929563522338867;1.2027510404586792;2.0
0.670654296875;0.134394884109497;0.4006087183952331;3.0
-1.26171875;3.973732948303223;-1.1005821228027344;6.0
-3.629714965820313;-3.5303637981414795;1.5;1.0
0.670654296875;0.1343946456909179;0.1973364949226379;3.0
1.3737552165985107;4.929563522338867;-1.2991440296173096;2.0
1.914300799369812;2.1492257118225098;-0.2997058033943176;5.0
-4.103357791900635;-3.520325899124145;-1.5;0.0
0.6706540584564209;0.1343946456909179;-0.0002892911434173;3.0
0.5003957748413086;0.1221649646759033;-0.4970551133155823;3.0
0.670654296875;0.1343946456909179;-0.1979148685932159;3.0
0.8718526363372803;2.873269557952881;-1.5;0.0
0.5690007209777832;0.1270930767059326;-0.6013506650924683;3.0
-1.2594327926635742;4.370989799499512;1.1004021167755127;6.0
0.670654296875;0.1343946456909179;-0.2995509803295135;3.0
0.670654296875;0.1343946456909179;-0.4011869132518768;3.0
0.6706545352935791;0.134394884109497;-0.4971765875816345;3.0
-1.2715044021606443;2.2729368209838867;0.9988309144973756;6.0
-4.92719841003418;-4.529905319213867;-0.794649600982666;2.0
-1.2726831436157229;2.0682132244110107;-0.2035400569438934;6.0
0.3695330619812011;0.1127650737762451;0.7972372770309448;3.0
-4.929474830627441;-4.914484024047852;1.093286395072937;2.0
-1.280107498168945;0.7779347896575928;1.4782955646514893;6.0
-4.927787780761719;-4.6295671463012695;-0.5984457731246948;2.0
-0.3401551246643066;2.866861581802368;-1.5;0.0
-1.2657814025878906;3.2676310539245605;1.096821904182434;6.0
-4.926027297973633;-4.331977844238281;-0.5977592468261719;2.0
0.670654296875;0.1343946456909179;-0.5988126993179321;3.0
-4.928976058959961;-4.830286979675293;-0.7967286109924316;2.0
0.0662286281585693;4.929563522338867;0.1015265583992004;2.0
0.5003957748413086;0.1221652030944824;0.2980072498321533;3.0
0.6706540584564209;0.1343946456909179;-0.9997103214263916;3.0
0.6706545352935791;0.134394884109497;-1.1013466119766235;3.0
-2.2933812141418457;-2.1176106929779053;-1.5;0.0
0.5690011978149414;0.1270935535430908;0.1978728175163269;3.0
-3.836493968963623;-3.060292959213257;-1.5;0.0
-1.025177001953125;0.8747954368591309;1.499999761581421;1.0
0.3810064792633056;0.3718836307525635;-1.5;0.0
1.3687334060668943;4.929563522338867;0.0996381044387817;2.0
-0.2303729057312011;4.929563522338867;-0.3976773023605346;2.0
0.0805451869964599;3.173874616622925;-1.5;0.0
-4.220730781555176;-3.4502856731414795;1.4999998807907104;1.0
0.670654296875;0.1343946456909179;-1.197336196899414;3.0
-1.2576956748962402;4.672930717468262;-1.479182243347168;6.0
-4.762687683105469;-4.929563522338867;-0.8979817628860474;2.0
0.3695333003997803;0.1127657890319824;0.0012744069099426;3.0
0.3741378784179687;4.929563522338867;0.6989766359329224;2.0
-1.243974685668945;4.929563522338867;-0.2032666802406311;2.0
0.7177829742431641;1.0295429229736328;1.4999998807907104;1.0
-4.926027297973633;-4.331977844238281;-1.394880294799805;2.0
0.6706545352935791;0.134394884109497;-1.4006083011627195;3.0
-1.2789740562438965;0.975062608718872;0.1025563478469848;6.0
1.922330379486084;2.231057643890381;0.0016660094261169;5.0
2.1735548973083496;1.9718968868255613;-1.5;0.0
-4.539569854736328;-4.621259689331055;-1.5000001192092896;0.0
-0.7126188278198242;-0.2594153881072998;-1.4999998807907104;0.0
1.569622039794922;1.2718167304992676;-1.4999998807907104;0.0
-1.2686152458190918;2.775153636932373;1.2990539073944092;6.0
-1.2761311531066897;1.4690067768096924;0.0024628043174743;6.0
-1.2640624046325684;3.566270589828491;-0.0017622709274291;6.0
0.974018096923828;0.5714156627655029;1.4999998807907104;1.0
-0.8223323822021484;2.073455333709717;-1.5000001192092896;0.0
-4.029166221618652;-3.820358514785767;-1.5;0.0
-1.266930103302002;3.068065643310547;-1.480637788772583;6.0
0.4490289688110351;0.1184756755828857;-1.3973767757415771;3.0
-0.7351875305175781;4.929563522338867;0.0984725356101989;2.0
-4.926610946655273;-4.430710792541504;1.3014681339263916;2.0
-4.92719841003418;-4.529905319213867;0.3990606069564819;2.0
0.272878885269165;0.1058225631713867;1.199514865875244;3.0
-1.279019832611084;0.9669158458709716;-0.0024100542068481;6.0
-1.275550365447998;1.5698730945587158;1.102973461151123;6.0
0.978689432144165;0.5710349082946777;-1.5;0.0
-3.4451608657836914;-3.3342416286468506;1.5;1.0
-4.92486572265625;-4.135883331298828;-0.4925142526626587;2.0
-1.7737126350402832;-1.8364684581756592;-1.5;0.0
1.0730955600738523;4.170508861541748;-1.5000001192092896;0.0
-2.689416885375977;-2.221519708633423;-1.5;0.0
1.6707711219787598;1.4723315238952637;-1.5000001192092896;0.0
1.4762961864471436;1.170360803604126;-1.500000238418579;0.0
-1.2772626876831057;1.2724320888519287;-1.3022432327270508;6.0
1.973818063735962;1.772010087966919;-1.5000001192092896;0.0
-2.4317173957824707;-2.1341536045074463;1.5;1.0
-0.951801300048828;0.7078230381011963;-1.5;0.0
0.6737990379333496;0.2718124389648437;1.500000238418579;1.0
0.7733502388000488;0.3722057342529297;-1.4999998807907104;0.0
0.2011125087738037;0.10066819190979;-1.4000778198242188;3.0
0.9682607650756836;2.369941234588623;-1.5;0.0
-1.2605986595153809;4.16835355758667;-1.1990100145339966;6.0
-4.00303840637207;-3.529538869857788;1.500000238418579;1.0
0.4781389236450195;0.157163381576538;1.5;1.0
-1.2588586807250977;4.47074556350708;-1.201926350593567;6.0
-4.241206169128418;-3.920155763626098;1.500000238418579;1.0
1.174307346343994;3.269855260848999;-1.5;0.0
-0.3409147262573242;4.929563522338867;0.3022364974021911;2.0
1.8717621564865112;1.6697750091552734;-1.5000001192092896;0.0
0.2664997577667236;2.568803548812866;1.5;1.0
-4.762687683105469;-4.929563522338867;-0.1020177006721496;2.0
-1.2628979682922363;3.768943309783936;-0.205474317073822;6.0
0.5009655952453613;0.8341653347015381;1.5;1.0
1.271728277206421;0.9686899185180664;-1.5000001192092896;0.0
-4.925445556640625;-4.233698844909668;1.2030816078186035;2.0
-0.4205951690673828;4.674875259399414;-1.5;0.0
0.6694309711456299;0.2668704986572265;-1.4999998807907104;0.0
0.565488338470459;0.1492712497711181;1.4999998807907104;1.0
2.130920886993408;3.260843276977539;-1.5000001192092896;0.0
0.2729701995849609;1.570420503616333;1.5;1.0
-1.2692146301269531;2.671016216278076;-0.5037426948547363;6.0
-2.93617582321167;-2.438185930252075;1.499999761581421;1.0
0.5751252174377441;0.127532958984375;1.0006206035614014;3.0
1.0778405666351318;1.0721635818481443;-1.5;0.0
-2.8699779510498047;-2.2281014919281006;-1.5000001192092896;0.0
-0.6341876983642578;2.2736411094665527;-1.5000001192092896;0.0
0.5690007209777832;0.1270930767059326;0.8986415863037109;3.0
0.5751252174377441;0.127532958984375;0.7982248067855835;3.0
-0.8284683227539062;3.568855762481689;-1.5;0.0
0.5690004825592041;0.1270928382873535;0.7017313241958618;3.0
0.5751254558563232;0.127532958984375;0.6016117334365845;3.0
-0.1333465576171875;1.4739339351654053;-1.5;0.0
1.6835970878601074;2.404437780380249;0.0004675388336181;5.0
1.4556517601013184;4.929563522338867;0.4012073278427124;2.0
0.5690004825592041;0.1270928382873535;0.4990298151969909;3.0
1.777116298675537;2.401787757873535;-0.6009383797645569;5.0
0.5690004825592041;0.1270928382873535;0.4005746841430664;3.0
0.5751247406005859;0.1275324821472168;0.3009093403816223;3.0
-1.269215106964111;2.671016216278076;0.4021158814430237;6.0
0.5690004825592041;0.1270928382873535;0.0994179844856262;3.0
-2.0160017013549805;-1.9254558086395264;1.500000238418579;1.0
0.575124979019165;0.1275327205657959;0.0002070069313049;3.0
1.777116298675537;2.401787757873535;0.6996802091598511;5.0
1.6835973262786863;2.404437780380249;0.499214768409729;5.0
-2.0284981727600098;-1.7277452945709229;1.4999996423721311;1.0
0.575124979019165;0.127532958984375;-0.0980995595455169;3.0
-1.267512321472168;2.966819524765014;-0.9022918939590454;6.0
-1.3526387214660645;-1.0374953746795654;-1.4999998807907104;0.0
1.1722102165222168;1.070350170135498;-1.499999761581421;0.0
1.2747650146484375;1.072960376739502;-1.5;0.0
0.9764738082885742;2.671219825744629;-1.5;0.0
-3.089851856231689;-2.9183003902435303;-1.5;0.0
0.575124979019165;0.127532958984375;-0.3004954755306244;3.0
-1.2692146301269531;2.671016216278076;0.8962204456329346;6.0
-0.7244720458984375;3.271540403366089;-1.5;0.0
-0.2303733825683593;4.929563522338867;-0.9014184474945068;2.0
0.5690007209777832;0.1270930767059326;-0.3986489176750183;3.0
1.3763926029205322;1.4737792015075684;-1.5;0.0
-3.557928562164306;-3.7002131938934326;-1.5000001192092896;0.0
0.0813038349151611;0.3732936382293701;-1.4999998807907104;0.0
-2.423497676849365;-1.835633993148804;1.500000238418579;1.0
0.5751247406005859;0.1275324821472168;-0.6995041370391846;3.0
0.5690011978149414;0.1270933151245117;-0.7982609272003174;3.0
-3.2480344772338867;-3.126459836959839;-1.499999761581421;0.0
-4.928976058959961;-4.830286979675293;0.8923436403274536;2.0
0.5751252174377441;0.1275331974029541;-1.000206708908081;3.0
-4.052822589874268;-4.129288673400879;1.4999998807907104;1.0
0.569000244140625;0.1270925998687744;-1.0994176864624023;3.0
0.5690011978149414;0.1270935535430908;-1.1978724002838137;3.0
-1.2663536071777344;3.1683311462402344;1.1995844841003418;6.0
1.6835970878601074;2.404437780380249;0.1999663710594177;5.0
-0.1259901523590088;4.929563522338867;-0.0995723903179168;2.0
0.5751247406005859;0.1275324821472168;-1.300909161567688;3.0
1.070634126663208;0.9698443412780762;-1.5;0.0
0.5751252174377441;0.1275331974029541;-1.4859566688537598;3.0
-1.2594327926635742;4.370989799499512;1.4032739400863647;6.0
0.1710002422332763;0.2718360424041748;1.5;1.0
0.6751797199249268;2.569038391113281;-1.5000001192092896;0.0
1.7725152969360352;1.5718402862548828;-1.4999998807907104;0.0
0.9719843864440918;0.6717348098754883;-1.4999998807907104;0.0
0.9590833187103271;0.6687910556793213;1.5;1.0
-0.9207568168640136;4.929563522338867;-1.0997544527053833;2.0
-1.257138729095459;4.769614219665527;1.2967584133148191;6.0
1.5682213306427002;1.3686981201171875;-1.5000001192092896;0.0
-1.2600131034851074;4.270197868347168;0.7004818916320801;6.0
2.270073890686035;2.1692285537719727;-1.5;0.0
-0.6139159202575684;1.373703956604004;-1.5;0.0
-0.6351017951965332;3.270397901535034;-1.4999998807907104;0.0
2.1727309226989746;2.071344375610352;-1.5;0.0
-1.26289701461792;3.768943309783936;-1.099695920944214;6.0
2.353727102279663;2.2673768997192383;-1.4999998807907104;0.0
-2.2402920722961426;-2.3323004245758057;-1.5;0.0
0.6673843860626221;0.3651795387268066;-1.5;0.0
-4.926609992980957;-4.430710792541504;-0.899488627910614;2.0
0.570732593536377;0.2718169689178467;1.500000238418579;1.0
0.7781829833984375;4.929563522338867;0.9011545181274414;2.0
0.5003957748413086;0.1221649646759033;-1.3981258869171145;3.0
1.374091625213623;1.1709349155426023;-1.5;0.0
-0.8363180160522461;4.929563522338867;1.1003873348236084;2.0
0.5003957748413086;0.1221649646759033;1.2991971969604492;3.0
-2.623464584350586;-2.2203471660614014;1.500000238418579;1.0
-2.7453341484069824;-2.7321574687957764;-1.5000001192092896;0.0
-1.5949316024780271;-1.0644476413726809;1.5;1.0
0.0662281513214111;4.929563522338867;1.2997477054595947;2.0
-3.430328369140625;-2.8289825916290283;-1.5;0.0
0.5003960132598877;0.1221654415130615;0.6984831094741821;3.0
0.5003960132598877;0.1221654415130615;0.5983642339706421;3.0
-3.967155933380127;-3.938047647476196;1.5;1.0
-1.2588586807250977;4.47074556350708;-0.7020174264907837;6.0
-0.3216128349304199;4.274595737457275;-1.5;0.0
0.5003962516784668;0.1221654415130615;0.1978881359100341;3.0
-0.6386575698852539;4.929563522338867;-0.898644745349884;2.0
-0.8649849891662598;-0.9162299633026124;-1.5000001192092896;0.0
-0.9338369369506836;3.870096206665039;-1.5;0.0
0.5003960132598877;0.1221652030944824;0.0977693796157836;3.0
0.5003960132598877;0.1221652030944824;-0.0023496150970458;3.0
0.7714643478393555;0.9710352420806884;1.4999996423721311;1.0
0.5003960132598877;0.1221652030944824;-0.2025876343250274;3.0
-0.4155139923095703;1.7740271091461182;-1.5;0.0
-2.534029483795166;-2.2317020893096924;1.5;1.0
-3.749746799468994;-3.910579919815064;-1.5;0.0
-1.0310206413269043;4.929563522338867;-0.8981024026870728;2.0
-2.7527971267700195;-2.3294289112091064;-1.5;0.0
0.0815904140472412;2.273590326309204;-1.5000001192092896;0.0
0.9695985317230223;4.470322608947754;-1.5;0.0
0.5003957748413086;0.1221652030944824;-0.4028254747390747;3.0
-1.0391583442687988;1.768965244293213;1.5;1.0
-0.0319190025329589;2.1693074703216557;1.4999998807907104;1.0
0.5003957748413086;0.1221652030944824;-0.5971741080284119;3.0
-3.793086051940918;-3.735326051712036;-1.5;0.0
-4.433576583862305;-4.5937347412109375;1.499999761581421;1.0
0.5003960132598877;0.1221652030944824;-0.6972929239273071;3.0
0.2011127471923828;0.10066819190979;0.7980068922042847;3.0
0.3663580417633056;2.370136260986328;1.5;1.0
-4.803272247314453;-4.82147216796875;-1.5;0.0
0.5003960132598877;0.1221652030944824;-0.7974121570587158;3.0
0.568850040435791;2.1727261543273926;1.499999761581421;1.0
-0.4296679496765136;3.5727381706237797;1.500000238418579;1.0
-1.7401957511901855;-1.236625909805298;1.5;1.0
-0.340644359588623;1.4712626934051514;-1.5;0.0
-4.305427551269531;-4.228760719299316;1.500000238418579;1.0
0.4659385681152344;4.168194770812988;-1.5;0.0
-1.243722438812256;-1.0300381183624268;-1.5000001192092896;0.0
0.5003955364227295;0.1221649646759033;-0.8975310325622559;3.0
-1.694322109222412;-1.618859052658081;-1.5;0.0
0.3715851306915283;2.469503402709961;1.5;1.0
-0.138434886932373;3.068084716796875;-1.499999761581421;0.0
0.1749541759490966;2.770875930786133;1.5;1.0
-0.030973196029663;3.7717676162719727;1.499999761581421;1.0
0.5003957748413086;0.1221649646759033;-0.9976502656936646;3.0
1.908666491508484;2.2836642265319824;-0.799187183380127;5.0
-0.6386580467224121;4.929563522338867;0.8006888628005981;2.0
0.6784439086914062;0.6707918643951416;-1.5000001192092896;0.0
1.3689603805541992;4.570387840270996;-1.5;0.0
-4.926026344299316;-4.331976890563965;0.5001605749130249;2.0
-0.7320871353149414;4.769715785980225;-1.5000001192092896;0.0
0.500396728515625;0.1221656799316406;-1.1978881359100342;3.0
0.2011125087738037;0.1006679534912109;-0.098912626504898;3.0
-2.9342970848083496;-3.0377814769744877;1.5;1.0
0.5003964900970459;0.1221659183502197;-1.298006892204285;3.0
0.4856011867523193;0.1521277427673339;-1.5000001192092896;0.0
2.072801113128662;1.971469521522522;-1.4999998807907104;0.0
-0.7351880073547363;4.929563522338867;-0.6994904279708862;2.0
0.4490282535552978;0.1184754371643066;0.9996039867401124;3.0
-0.0197203159332275;2.8706209659576416;-1.5000001192092896;0.0
-1.2697792053222656;2.5728836059570312;0.3987892270088196;6.0
0.1803412437438964;1.874246954917908;-1.5;0.0
1.2759556770324707;2.772449493408203;-1.5000001192092896;0.0
1.9143006801605225;2.1492257118225098;-0.7996399402618408;5.0
1.971717834472656;1.871149182319641;-1.4999998807907104;0.0
-1.273237705230713;1.971832275390625;1.3988054990768433;6.0
-0.1222639083862304;0.1706998348236084;1.500000238418579;1.0
1.1660842895507812;0.9708750247955322;-1.5000001192092896;0.0
-2.7741870880126958;-2.9004743099212646;1.4999998807907104;1.0
0.0609264373779296;1.869480013847351;-1.5;0.0
2.2710964679718018;2.3697283267974854;-1.5;0.0
-1.2772626876831057;1.2724323272705078;1.3000589609146118;6.0
-1.683454990386963;-1.1443812847137451;-1.5;0.0
-4.926609992980957;-4.430709838867188;-0.7939630150794983;2.0
0.2658071517944336;0.1053149700164794;-1.2997885942459106;3.0
-4.928380966186523;-4.729694366455078;-0.5986767411231995;2.0
-0.0246098041534423;0.0667066574096679;-1.5000001192092896;0.0
-4.924385070800781;-4.0547075271606445;-0.2982880473136902;2.0
0.4490280151367187;0.1184749603271484;1.4766151905059814;3.0
-1.266930103302002;3.068065643310547;1.0021761655807495;6.0
1.777116060256958;2.401787757873535;-0.7002222537994385;5.0
-4.762687683105469;-4.929564476013184;-0.2071452140808105;2.0
-2.214977264404297;-1.7247045040130615;1.500000238418579;1.0
0.1686844825744629;2.470938205718994;-1.5;0.0
0.2728793621063232;0.1058230400085449;-1.478696346282959;3.0
-1.2793970108032229;0.9015352725982666;0.3966060280799866;6.0
-0.8308587074279785;2.970376491546631;1.4999998807907104;1.0
-0.2247204780578613;1.8721098899841309;1.500000238418579;1.0
-0.033132791519165;3.5697617530822754;1.5;1.0
0.4490284919738769;0.1184756755828857;0.8982388973236084;3.0
0.4490284919738769;0.1184754371643066;0.7014719247817993;3.0
-1.266930103302002;3.068065643310547;0.2015051841735839;6.0
-0.3255791664123535;-0.2276723384857177;-1.5;0.0
0.8698909282684326;3.672301769256592;-1.5;0.0
-4.924385070800781;-4.054708480834961;0.2993754148483276;2.0
-3.305685043334961;-3.333038091659546;-1.5;0.0
-0.0242164134979248;3.2731292247772217;1.500000238418579;1.0
0.2658064365386963;0.1053147315979003;0.49895840883255;3.0
0.4490280151367187;0.1184749603271484;0.4987424612045288;3.0
-0.3229575157165527;1.3682687282562256;1.499999761581421;1.0
-1.2726836204528809;2.0682132244110107;-0.4037466049194336;6.0
1.078541278839111;0.8711841106414795;-1.5;0.0
-2.4643030166625977;-2.427316427230835;-1.5;0.0
-1.277857780456543;1.1688389778137207;-0.1992773711681366;6.0
-0.732600212097168;2.671624183654785;-1.5;0.0
0.4490282535552978;0.1184756755828857;0.3973772525787353;3.0
-1.2807307243347168;0.6697266101837158;-1.0942317247390747;6.0
0.2677786350250244;2.070208072662353;-1.4999998807907104;0.0
-1.5176687240600586;-1.1329572200775146;1.500000238418579;1.0
-2.654207229614258;-2.728116273880005;-1.5;0.0
0.4490280151367187;0.1184751987457275;0.2006101012229919;3.0
-3.598816394805908;-3.415151357650757;1.5;1.0
0.2658090591430664;0.1053152084350586;1.4014427661895752;3.0
-4.927787780761719;-4.629568099975586;-0.7953394055366516;2.0
0.4490280151367187;0.1184751987457275;-0.0021194517612457;3.0
0.4490280151367187;0.1184751987457275;-0.0975217223167419;3.0
-1.2772622108459473;1.2724320888519287;-0.2964454889297485;6.0
-4.762688636779785;-4.929564476013184;1.3998006582260132;2.0
-4.924386024475098;-4.054708480834961;1.001630425453186;2.0
-1.2772626876831057;1.2724320888519287;-1.198470115661621;6.0
0.4490277767181396;0.1184747219085693;-0.1988865733146667;3.0
-4.926609992980957;-4.430709838867188;0.6984668970108032;2.0
-2.631129741668701;-2.729600667953491;1.5;1.0
-3.80378532409668;-3.8189690113067623;1.4999998807907104;1.0
-0.7351870536804199;4.929563522338867;1.4800204038619995;2.0
0.4490282535552978;0.1184754371643066;-0.4016162157058716;3.0
-2.83754301071167;-2.837044477462769;1.4999998807907104;1.0
2.1558837890625;3.0674428939819336;-1.5000001192092896;0.0
-1.4359517097473145;-0.9305698871612548;-1.5000001192092896;0.0
-1.0212368965148926;-1.0280210971832275;1.500000238418579;1.0
1.073662519454956;4.472346305847168;-1.5000001192092896;0.0
0.7654094696044922;2.070148468017578;-1.5;0.0
-4.924385070800781;-4.0547075271606445;0.1051347851753234;2.0
0.4490284919738769;0.1184756755828857;-0.4970184564590454;3.0
-1.28131103515625;0.5689358711242676;-0.4053311944007873;6.0
-1.243974208831787;4.929563522338867;-1.0967997312545776;2.0
0.2658064365386963;0.1053147315979003;0.6981277465820312;3.0
0.4490284919738769;0.1184756755828857;-0.598383367061615;3.0
-1.266930103302002;3.068065643310547;-0.702003538608551;6.0
-1.2772622108459473;1.2724323272705078;-0.0010920763015747;6.0
0.0693609714508056;3.868912935256958;-1.4999998807907104;0.0
0.4490282535552978;0.1184749603271484;-0.6997480392456055;3.0
0.4490284919738769;0.1184756755828857;-0.9024778604507446;3.0
-0.6182365417480469;3.7729039192199703;-1.499999761581421;0.0
1.922330498695373;2.2310571670532227;0.7581217288970947;5.0
0.2728796005249023;0.105823278427124;-1.0996456146240234;3.0
-1.2793965339660645;0.9015357494354248;0.7941957712173462;6.0
-1.2790203094482422;0.9669158458709716;-0.6982266902923584;6.0
0.4490280151367187;0.1184751987457275;-1.0992450714111328;3.0
-1.838118076324463;-1.923475980758667;1.5;1.0
0.671886682510376;4.271833419799805;-1.5000001192092896;0.0
-1.2801551818847656;0.7696459293365479;-1.475222110748291;6.0
-4.92719841003418;-4.529904365539551;1.3963369131088257;2.0
0.2728796005249023;0.1058228015899658;1.0006682872772217;3.0
0.4490280151367187;0.1184751987457275;-1.2006101608276367;3.0
-4.924386024475098;-4.054708480834961;0.8970389366149902;2.0
0.4490284919738769;0.1184756755828857;-1.3019747734069824;3.0
-0.5284576416015625;4.929563522338867;1.4799726009368896;2.0
0.4490277767181396;0.1184747219085693;-1.4748914241790771;3.0
-0.8276305198669434;0.8731546401977539;-1.4999998807907104;0.0
-1.13283109664917;3.472163677215576;-1.5;0.0
-4.762687683105469;-4.929563522338867;0.7990734577178955;2.0
0.2011120319366455;0.1006677150726318;1.1011912822723389;3.0
-1.2778592109680176;1.1688385009765625;1.3003259897232056;6.0
-1.2588586807250977;4.47074556350708;-0.7978905439376831;6.0
0.966439962387085;0.7670016288757324;-1.5;0.0
-0.9350414276123048;-1.0237891674041748;-1.5;0.0
-1.2663536071777344;3.1683311462402344;-0.401314228773117;6.0
1.969087600708008;2.8710434436798096;-1.5000001192092896;0.0
-2.6114277839660645;-2.536905527114868;-1.5;0.0
1.8713281154632568;1.772346258163452;-1.5000001192092896;0.0
0.8739221096038818;0.6734769344329834;1.499999761581421;1.0
-1.1469135284423828;4.929563522338867;0.3981640338897705;2.0
-0.8317408561706543;2.5692646503448486;1.500000238418579;1.0
1.7754535675048828;1.671144962310791;-1.5;0.0
-1.0206904411315918;3.5714316368103027;-1.5;0.0
-1.269820213317871;2.565840244293213;-0.097479224205017;6.0
1.6670489311218262;1.5692386627197266;-1.5000001192092896;0.0
-0.92866849899292;1.87217390537262;1.5;1.0
-4.828119277954102;-4.929563522338867;0.2026111483573913;2.0
0.6684815883636475;0.471898078918457;1.5;1.0
1.1708288192749023;4.929563522338867;-0.6001350283622742;2.0
-4.925930023193359;-4.315566062927246;-1.304328203201294;2.0
-4.928976058959961;-4.830287933349609;-1.298885464668274;2.0
-0.924872875213623;4.873589992523193;1.4999998807907104;1.0
-1.2703909873962402;2.4667251110076904;1.4010639190673828;6.0
-0.2320551872253418;4.069345474243164;1.4999998807907104;1.0
-4.927787780761719;-4.629568099975586;0.4920390248298645;2.0
-2.5280232429504395;-2.430177927017212;1.5;1.0
-2.339864730834961;-2.338822603225708;1.500000238418579;1.0
-1.266352653503418;3.168331384658813;0.103078544139862;6.0
0.2663731575012207;0.1678948402404785;1.5;1.0
0.6740407943725586;0.7738103866577148;-1.4999998807907104;0.0
-2.516928672790528;-1.873649835586548;-1.5;0.0
0.9442243576049804;0.7656774520874023;1.4999996423721311;1.0
-4.925445556640625;-4.233698844909668;-1.092701435089111;2.0
0.5704457759857178;0.3674497604370117;1.5;1.0
-1.2634773254394531;3.66811752319336;-0.9957267045974731;6.0
-3.819082736968994;-3.630174398422241;-1.499999761581421;0.0
0.3695335388183594;0.1127657890319824;1.4777547121047974;3.0
-4.924385070800781;-4.0547075271606445;0.8073896169662476;2.0
-4.92719841003418;-4.529905319213867;-0.2053493559360504;2.0
0.3695330619812011;0.1127650737762451;1.3987665176391602;3.0
-4.926026344299316;-4.331976890563965;0.695681095123291;2.0
0.2728791236877441;0.1058228015899658;1.4791423082351685;3.0
0.369532823562622;0.1127650737762451;1.3015496730804443;3.0
1.574681520462036;4.270379066467285;-1.5;0.0
-0.6288514137268066;4.273850917816162;1.4999998807907104;1.0
-4.927197456359863;-4.529905319213867;-0.2960111200809479;2.0
-1.1960945129394531;-1.22263503074646;-1.5;0.0
-4.927787780761719;-4.6295671463012695;-1.4768922328948977;2.0
0.2658073902130127;0.1053152084350586;0.3993734121322632;3.0
0.2712314128875732;1.967201590538025;-1.5;0.0
0.3695333003997803;0.1127653121948242;1.1982568502426147;3.0
0.2011125087738037;0.1006677150726318;-0.1999737620353698;3.0
-1.0310215950012207;4.929563522338867;1.7404556274414062e-05;2.0
-4.762687683105469;-4.929563522338867;0.0932186245918273;2.0
2.172440528869629;2.3701982498168945;-1.500000238418579;0.0
0.3695333003997803;0.1127653121948242;0.9977470636367798;3.0
0.3695335388183594;0.1127657890319824;0.9005299806594849;3.0
-0.4541168212890625;-0.5165889263153076;1.5;1.0
0.2011125087738037;0.1006679534912109;0.6969457864761353;3.0
-4.354753494262695;-4.029273986816406;1.5;1.0
1.672896385192871;3.972153663635254;-1.5;0.0
-1.270965576171875;2.3666818141937256;-0.2000215649604797;6.0
0.3695337772369385;0.1127655506134033;0.7000203132629395;3.0
0.3695330619812011;0.1127650737762451;0.5967276096343994;3.0
0.2011125087738037;0.10066819190979;0.4000779986381531;3.0
-1.275550365447998;1.5698730945587158;1.2998992204666138;6.0
-1.2726836204528809;2.0682132244110107;-0.5962528586387634;6.0
-3.537642478942871;-2.845794916152954;-1.499999761581421;0.0
-2.019001007080078;-1.620449781417847;1.500000238418579;1.0
0.3695333003997803;0.1127653121948242;0.4022937417030334;3.0
-1.266352653503418;3.1683316230773926;-0.898396372795105;6.0
-4.143923759460449;-4.313566207885742;1.500000238418579;1.0
0.3770501613616943;3.5726683139801025;-1.5;0.0
0.3695330619812011;0.1127653121948242;0.2017842531204223;3.0
-1.1469135284423828;4.929563522338867;0.6986407041549683;2.0
0.369532823562622;0.112764835357666;0.0984913110733032;3.0
-0.2308106422424316;0.070061445236206;1.5;1.0
0.3695335388183594;0.1127655506134033;-0.1020185053348541;3.0
-3.508755207061768;-3.4248764514923096;-1.5;0.0
-1.270924091339111;2.3738579750061035;-0.9972651600837708;6.0
-1.7609453201293943;-1.888103723526001;-1.5;0.0
0.3695335388183594;0.1127655506134033;-0.1992353498935699;3.0
-0.7242212295532227;2.76767635345459;-1.5000001192092896;0.0
0.2739753723144531;4.929563522338867;-1.301366090774536;2.0
0.2749171257019043;1.9746595621109009;1.4999998807907104;1.0
0.248786449432373;1.5021743774414062;-1.5;0.0
-4.3312578201293945;-3.838148355484009;1.499999761581421;1.0
0.369532823562622;0.1127650737762451;-0.3025280237197876;3.0
-4.762688636779785;-4.929564476013184;-1.3034727573394775;2.0
-0.4409980773925781;4.929563522338867;0.9992622137069702;2.0
-1.2611560821533203;4.071524620056152;-0.6992051601409912;6.0
0.3695335388183594;0.1127655506134033;-0.3997448980808258;3.0
-0.7242140769958496;0.9685161113739014;1.500000238418579;1.0
1.9716726541519165;3.070171594619751;-1.5;0.0
0.2790141105651855;0.4702327251434326;-1.5;0.0
-1.1469130516052246;4.929563522338867;-0.99970543384552;2.0
0.3695335388183594;0.1127655506134033;-0.6002546548843384;3.0
0.369532823562622;0.1127650737762451;-0.6974713802337646;3.0
-1.2663531303405762;3.168331384658813;-0.5986852645874023;6.0
-1.0311412811279297;4.168864727020264;1.4999998807907104;1.0
0.5719597339630127;0.5699846744537354;-1.5;0.0
0.3695335388183594;0.1127655506134033;-0.8979810476303101;3.0
-1.020993709564209;-0.62662672996521;1.4999998807907104;1.0
0.3695335388183594;0.1127655506134033;-1.0984907150268557;3.0
-0.7280669212341309;-0.7252609729766846;-1.5000001192092896;0.0
-0.9221072196960448;3.2730722427368164;1.5;1.0
-0.2235603332519531;-0.0288193225860595;1.4999998807907104;1.0
-1.2582907676696775;4.569481372833252;-1.4027281999588013;6.0
-3.654009342193604;-3.798255205154419;-1.5000001192092896;0.0
-1.2686152458190918;2.775153636932373;1.0979174375534058;6.0
-4.924385070800781;-4.054708480834961;-1.000542402267456;2.0
-1.0343713760375977;1.6686654090881348;1.4999998807907104;1.0
-0.125262975692749;4.173832416534424;-1.5;0.0
-1.266352653503418;3.168331384658813;0.702501654624939;6.0
0.3695330619812011;0.1127653121948242;-1.2017840147018433;3.0
-1.1232671737670898;4.929563522338867;-1.478092074394226;2.0
-1.2611560821533203;4.071524620056152;-1.2024617195129397;6.0
-1.6117687225341797;-1.4342701435089111;-1.4999998807907104;0.0
0.3695335388183594;0.1127655506134033;-1.29900062084198;3.0
0.3695335388183594;0.1127657890319824;-1.4022932052612305;3.0
1.8737658262252808;2.4721035957336426;-1.5;0.0
0.6762845516204834;4.929563522338867;-0.8002154231071472;2.0
-4.328904151916504;-4.424025535583496;1.5;1.0
0.8730206489562988;4.929563522338867;-0.801597535610199;2.0
-3.373015880584717;-3.5115268230438232;-1.4999998807907104;0.0
0.379321813583374;0.1705601215362548;-1.5;0.0
-1.584528923034668;-1.0451085567474363;-1.4999998807907104;0.0
0.2011125087738037;0.1006677150726318;-0.8000258207321167;3.0
-2.403740406036377;-2.331384420394897;-1.5000001192092896;0.0
-0.136913776397705;4.465826511383057;-1.5;0.0
0.3728389739990234;0.1704068183898925;1.5;1.0
-0.0339400768280029;3.968646049499512;-1.5;0.0
-0.7173991203308105;2.868314027786255;-1.5;0.0
1.4749324321746826;1.3721246719360352;-1.5;0.0
-0.3217267990112304;1.268232345581055;-1.5000001192092896;0.0
0.2722809314727783;1.872925043106079;-1.499999761581421;0.0
0.8687324523925781;0.7713096141815186;1.5;1.0
1.272338628768921;4.66938066482544;-1.5;0.0
0.7623224258422852;0.6669816970825195;-1.5;0.0
1.972695231437683;2.072035312652588;-1.5000001192092896;0.0
0.6837241649627686;0.9642891883850098;1.5;1.0
-1.280681610107422;0.6780862808227539;0.2005305290222168;6.0
-0.2252459526062011;4.173895835876465;1.5;1.0
1.9227097034454343;2.197545528411865;-1.400444269180298;5.0
-3.333228588104248;-3.333272695541382;1.5;1.0
0.272878885269165;0.1058225631713867;-0.198623239994049;3.0
-1.279019832611084;0.9669160842895508;0.199862003326416;6.0
1.9223302602767944;2.231057643890381;-0.0996166765689849;5.0
2.171306610107422;2.171036720275879;-1.5;0.0
0.2728791236877441;0.1058228015899658;1.2989376783370972;3.0
0.2728791236877441;0.1058225631713867;0.8018220663070679;3.0
1.5743129253387451;2.769733428955078;-1.5;0.0
-4.926610946655273;-4.430710792541504;-1.487414836883545;2.0
0.2658071517944336;0.1053149700164794;0.2997890114784241;3.0
-3.946452617645264;-4.02177619934082;1.500000238418579;1.0
0.2658071517944336;0.1053152084350586;0.2002043724060058;3.0
-1.2793960571289062;0.901535987854004;-1.2992364168167114;6.0
0.2728796005249023;0.105823278427124;0.099645972251892;3.0
1.4727330207824707;1.570940017700195;-1.5000001192092896;0.0
0.2011127471923828;0.1006679534912109;-1.2990161180496216;3.0
0.273975133895874;4.929563522338867;0.5011407136917114;2.0
-3.139044761657715;-3.032489061355591;1.4999998807907104;1.0
-1.6356573104858398;-1.52978253364563;1.500000238418579;1.0
0.2658066749572754;0.1053152084350586;0.0010351538658142;3.0
0.8730201721191406;4.929563522338867;-0.0984860658645629;2.0
-0.8234353065490723;3.1688966751098637;-1.5;0.0
0.2658066749572754;0.1053147315979003;-0.0985494256019592;3.0
-3.997377395629883;-3.4220669269561768;-1.5000001192092896;0.0
-1.1789488792419434;-1.2919690608978271;-1.5;0.0
-1.2715044021606443;2.272936582565308;0.1979290843009948;6.0
0.2728796005249023;0.1058230400085449;-0.2980464696884155;3.0
0.2658069133758545;0.1053149700164794;-0.4035272002220154;3.0
-0.9297733306884766;3.3703792095184326;1.499999761581421;1.0
-4.926610946655273;-4.430710792541504;-0.2964863777160644;2.0
0.2658069133758545;0.1053149700164794;-0.496887743473053;3.0
0.0910162925720214;0.4510567188262939;-1.5;0.0
0.2728791236877441;0.1058228015899658;-0.7019529342651367;3.0
-0.7211804389953613;1.3721129894256592;-1.5;0.0
0.272878885269165;0.1058225631713867;-0.8013763427734375;3.0
0.0770361423492431;3.2723538875579834;-1.5;0.0
-1.243974685668945;4.929563522338867;0.4968903064727783;2.0
0.2658066749572754;0.1053147315979003;-0.9014501571655272;3.0
-1.2623229026794434;3.8687610626220703;-1.478029727935791;6.0
-4.524927139282227;-4.224338531494141;1.500000238418579;1.0
-1.2680611610412598;2.871427059173584;-1.0005357265472412;6.0
0.2658069133758545;0.1053149700164794;-1.3993730545043943;3.0
0.4796473979949951;0.3746893405914306;-1.499999761581421;0.0
-3.572000026702881;-3.6433050632476807;-1.5000001192092896;0.0
-1.2611560821533203;4.071524620056152;0.6987289190292358;6.0
0.5734877586364746;0.4717223644256592;-1.5;0.0
-4.924386024475098;-4.054708480834961;-0.4028794169425964;2.0
-1.2600131034851074;4.270197868347168;0.0985113382339477;6.0
0.4079596996307373;0.7378323078155518;1.4999998807907104;1.0
0.1678612232208252;4.068539619445801;-1.5;0.0
1.9143011569976809;2.149226188659668;0.0015365481376647;5.0
2.073805809020996;2.0730538368225098;-1.5000001192092896;0.0
-1.2772631645202637;1.2724318504333496;-0.0968822240829467;6.0
0.474811315536499;0.3696887493133545;1.4999998807907104;1.0
-3.162768840789795;-2.9365499019622803;1.4999998807907104;1.0
0.3801693916320801;0.2718269824981689;-1.499999761581421;0.0
0.0670390129089355;0.070713996887207;-1.5;0.0
-0.3292179107666015;3.371570348739624;1.5;1.0
0.2731802463531494;0.1680550575256347;-1.5000001192092896;0.0
-1.2646188735961914;3.4698486328125;1.2971707582473757;6.0
2.0691452026367188;2.369744777679444;-1.5;0.0
-0.9223370552062988;-0.8293583393096924;1.499999761581421;1.0
0.466752290725708;3.0719518661499023;-1.5;0.0
1.7688841819763184;1.770522117614746;-1.5;0.0
0.9377162456512452;0.8650200366973877;1.5000004768371582;1.0
-1.274975299835205;1.6698322296142578;0.3037603497505188;6.0
-4.927787780761719;-4.629568099975586;-0.0986404120922088;2.0
1.5732862949371338;1.570059061050415;-1.500000238418579;0.0
2.073837757110596;2.471261501312256;-1.5000001192092896;0.0
1.4742660522460938;1.4705493450164795;-1.5;0.0
-3.4169178009033203;-3.3339970111846924;-1.5;0.0
-0.4800019264221191;-0.0577034950256347;-1.5;0.0
1.376253604888916;1.3720519542694092;-1.5;0.0
-0.3409152030944824;4.929563522338867;-0.5999417304992676;2.0
2.3431291580200195;2.365985631942749;-1.5;0.0
1.8592817783355715;2.3559556007385254;-0.9991815090179444;5.0
-1.1183867454528809;2.677582263946533;-1.5;0.0
-3.438076972961426;-3.1346609592437744;1.500000238418579;1.0
0.8721930980682373;0.8711240291595459;1.5;1.0
-4.929474830627441;-4.914483070373535;0.3004547953605652;2.0
-3.894902229309082;-3.836470365524292;-1.5;0.0
-4.646846771240234;-4.811358451843262;-1.5;0.0
1.268646240234375;4.929563522338867;0.6970552206039429;2.0
-4.589167594909668;-3.814719438552856;-1.5;0.0
-1.2680606842041016;2.871427059173584;-0.9041359424591064;6.0
-4.926609992980957;-4.430709838867188;-0.2060359418392181;2.0
-4.928380012512207;-4.729693412780762;-1.1907424926757812;2.0
0.9695265293121338;0.9687514305114746;-1.500000238418579;0.0
0.2011127471923828;0.10066819190979;1.3980587720870972;3.0
-0.5162858963012695;2.6713662147521973;-1.5000001192092896;0.0
-1.3596539497375488;-1.2391059398651123;-1.5;0.0
-3.9202027320861816;-3.2212579250335693;-1.4999998807907104;0.0
0.2011125087738037;0.1006677150726318;1.2969976663589478;3.0
1.872551202774048;3.4710116386413574;-1.5000001192092896;0.0
1.3710060119628906;4.270371437072754;-1.5;0.0
-4.59810733795166;-4.231374740600586;1.500000238418579;1.0
0.2011120319366455;0.1006674766540527;1.2022528648376465;3.0
-3.1179566383361816;-3.117765188217163;1.4999998807907104;1.0
0.2775394916534424;0.368941068649292;-1.5;0.0
0.2011127471923828;0.1006679534912109;1.0001298189163208;3.0
-0.8363180160522461;4.929563522338867;-1.3992646932601929;2.0
1.8889491558074951;2.0989561080932617;0.2997580766677856;5.0
0.2011125087738037;0.1006679534912109;0.8990685939788818;3.0
-4.535816192626953;-4.030483245849609;-1.5000001192092896;0.0
0.2011122703552246;0.1006677150726318;0.6022007465362549;3.0
-0.241950511932373;-0.1304993629455566;-1.5;0.0
0.2011122703552246;0.1006677150726318;0.5011394023895264;3.0
0.2011127471923828;0.1006679534912109;0.1979551315307617;3.0
-0.7351865768432617;4.929563522338867;0.9976696968078612;2.0
-4.926513671875;-4.414226531982422;0.8034859895706177;2.0
0.2011122703552246;0.1006677150726318;-0.3010351657867431;3.0
-1.0310206413269043;4.929563522338867;1.1975104808807373;2.0
-0.7396163940429688;2.568288803100586;-1.4999998807907104;0.0
0.2011120319366455;0.1006677150726318;-0.3957802057266235;3.0
-1.1469130516052246;4.929563522338867;-0.398752212524414;2.0
-1.2411551475524902;3.87465238571167;1.500000238418579;1.0
1.166862726211548;3.468716859817505;-1.5;0.0
-4.29083251953125;-4.432406425476074;-1.5000001192092896;0.0
-1.2778582572937012;1.1688387393951416;-0.8007221221923828;6.0
0.2011120319366455;0.1006677150726318;-0.604219377040863;3.0
-0.4878406524658203;-0.0647816658020019;1.500000238418579;1.0
-1.266930103302002;3.068065643310547;0.598167896270752;6.0
-1.9262137413024905;-1.4272139072418213;1.4999995231628418;1.0
-3.7776966094970703;-3.9244673252105713;1.499999761581421;1.0
-0.5284576416015625;4.929563522338867;-1.0976738929748535;2.0
-4.467187881469727;-3.7192223072052;-1.5;0.0
0.2011127471923828;0.1006679534912109;-0.6989641189575195;3.0
0.0762689113616943;2.2714014053344727;1.4999998807907104;1.0
0.2011117935180664;0.1006672382354736;-0.9010870456695556;3.0
-3.739249706268311;-3.8269026279449454;1.5;1.0
-4.076873302459717;-4.168802261352539;-1.5;0.0
0.2011127471923828;0.10066819190979;-1.0021485090255735;3.0
-4.070713996887207;-3.652338743209839;-1.5;0.0
1.6835970878601074;2.404437780380249;-1.299715518951416;5.0
-0.6272940635681152;1.5688755512237549;-1.5;0.0
-0.1327178478240966;2.267516613006592;1.4999996423721311;1.0
0.2011125087738037;0.10066819190979;-1.1032097339630127;3.0
-0.6531219482421875;0.9099109172821044;1.5;1.0
0.4141273498535156;0.7371549606323242;-1.5000001192092896;0.0
-1.6390600204467771;-1.134476900100708;1.500000238418579;1.0
0.6730072498321533;0.6713371276855469;1.4999998807907104;1.0
-1.27897310256958;0.9750607013702391;0.7010680437088013;6.0
0.2745859622955322;2.4734761714935303;-1.5;0.0
0.1602632999420166;0.1710257530212402;-1.5;0.0
0.7770347595214844;0.7698700428009033;-1.5000001192092896;0.0
-1.2663531303405762;3.1683316230773926;-1.3004487752914429;6.0
0.4738097190856933;0.4715383052825928;1.500000238418579;1.0
0.1639115810394287;0.2718360424041748;-1.5;0.0
1.9086666107177732;2.2836642265319824;-1.4767117500305176;5.0
0.6680943965911865;4.87138032913208;-1.5;0.0
-1.0235137939453125;4.572234630584717;1.500000238418579;1.0
-0.5175814628601074;-0.2200000286102295;-1.5;0.0
-1.2611560821533203;4.071524620056152;0.5030181407928467;6.0
-4.844599723815918;-4.929564476013184;-0.492432951927185;2.0
0.4768264293670654;3.1691787242889404;-1.5;0.0
-3.912959575653076;-3.633918523788452;1.5;1.0
-0.4222016334533691;-0.3302180767059326;1.5;1.0
0.7781827449798584;4.929563522338867;0.1996190547943115;2.0
1.4695374965667725;4.670470714569092;-1.5;0.0
0.4786193370819092;0.4763624668121338;-1.5;0.0
1.760197401046753;4.667574882507324;-1.5000001192092896;0.0
2.0725059509277344;3.071863412857056;-1.5;0.0
-1.0309367179870603;4.871133804321289;-1.5;0.0
-1.230846881866455;-1.0271999835968018;1.5;1.0
0.2747030258178711;0.2718307971954345;-1.499999761581421;0.0
-3.781528472900391;-3.782058954238892;-1.5;0.0
-1.2446532249450684;1.6749873161315918;1.5;1.0
0.0745172500610351;0.0710406303405761;1.500000238418579;1.0
-2.21138334274292;-2.1295387744903564;-1.5;0.0
-0.2316083908081054;1.3698155879974363;1.499999761581421;1.0
-1.2680611610412598;2.871427059173584;-1.2007502317428589;6.0
-0.024787425994873;-0.0285639762878417;1.5;1.0
-1.2772626876831057;1.2724320888519287;-0.7993441820144653;6.0
-4.762686729431152;-4.929562568664551;1.0994365215301514;2.0
-0.1445834636688232;-0.2095634937286377;1.5;1.0
-3.727051734924317;-3.626500368118286;1.5;1.0
-1.2720913887023926;2.171060800552368;-0.9023480415344238;6.0
-0.242133617401123;-0.3089158535003662;1.500000238418579;1.0
-0.327399730682373;-0.3320896625518799;1.5;1.0
-1.1322312355041504;2.265606164932251;-1.5;0.0
-1.024878978729248;3.071083068847656;1.500000238418579;1.0
-4.8566083908081055;-4.121946334838867;1.5;1.0
-4.928976058959961;-4.830287933349609;-0.2032703459262848;2.0
-0.3446402549743652;-0.413316011428833;1.5;1.0
-1.2571396827697754;4.769614219665527;0.8989772796630859;6.0
1.9227097034454343;2.197545528411865;-1.0987080335617063;5.0
-0.1273117065429687;1.8702045679092407;1.499999761581421;1.0
-2.2330145835876465;-1.6517655849456787;1.500000238418579;1.0
-0.4356207847595215;-0.4324972629547119;1.5;1.0
-2.4211010932922363;-2.516099214553833;1.500000238418579;1.0
-0.6527767181396484;-0.7185337543487549;1.499999761581421;1.0
0.6762781143188477;4.929563522338867;0.5994683504104614;2.0
-0.8519434928894043;-0.9209940433502196;1.5;1.0
-0.6314187049865723;4.66928768157959;-1.5;0.0
-1.2600131034851074;4.270197868347168;0.596693754196167;6.0
-4.109459400177002;-3.629600763320923;1.500000238418579;1.0
-2.634246826171875;-2.5348875522613525;1.5;1.0
-0.9484972953796388;-1.01914381980896;1.5;1.0
-4.029473781585693;-3.42261815071106;1.5;1.0
-1.1681184768676758;-1.2808754444122314;1.500000238418579;1.0
-1.2785935401916504;-1.3940346240997314;1.5;1.0
-1.120035171508789;2.3745784759521484;-1.5000001192092896;0.0
-4.332411766052246;-3.5513365268707275;1.500000238418579;1.0
-2.115584373474121;-1.821592092514038;1.4999996423721311;1.0
-1.2778582572937012;1.1688387393951416;-1.482359766960144;6.0
-1.8736276626586916;-1.992525339126587;-1.5000001192092896;0.0
-1.2651777267456057;3.372502326965332;0.6978260278701782;6.0
-4.92486572265625;-4.135882377624512;0.0015085339546203;2.0
-1.2720909118652344;2.1710610389709477;0.9982680082321168;6.0
1.769831657409668;3.169844150543213;-1.5000001192092896;0.0
-1.3300566673278809;-1.4169361591339111;1.5;1.0
-1.2657442092895508;3.2742180824279785;0.6963231563568115;6.0
-2.133347511291504;-2.132076978683472;-1.499999761581421;0.0
-1.3705811500549316;-1.4882566928863523;1.4999998807907104;1.0
0.1737463474273681;3.97261118888855;-1.5000001192092896;0.0
-1.4518227577209473;-1.5206444263458252;1.500000238418579;1.0
-1.144425392150879;4.466963291168213;-1.5;0.0
-4.929474830627441;-4.914484024047852;0.6053900718688965;2.0
-1.2767176628112793;1.3672189712524414;-0.0031933784484863;6.0
1.8889491558074951;2.0989558696746826;-0.7003465294837952;5.0
-1.4659690856933594;-1.5859620571136477;1.4999998807907104;1.0
-4.35575008392334;-3.739107847213745;1.500000238418579;1.0
-1.5480289459228516;-1.6285903453826904;1.4999998807907104;1.0
-0.7351870536804199;4.929563522338867;0.3009408116340637;2.0
-4.926610946655273;-4.430710792541504;0.2914403080940246;2.0
-1.667724609375;-1.7926185131072998;1.500000238418579;1.0
-1.2793965339660645;0.9015357494354248;0.6968270540237427;6.0
2.269832134246826;2.5689947605133057;-1.500000238418579;0.0
-1.2565555572509766;4.870924949645996;0.7976346015930176;6.0
-1.2538399696350098;1.1733558177947998;1.500000238418579;1.0
-1.8574004173278809;-1.986902475357056;1.5;1.0
-4.928380966186523;-4.729694366455078;0.797990083694458;2.0
-1.9205999374389648;-2.018388509750366;1.5;1.0
-3.191781520843506;-2.924891710281372;-1.5;0.0
-1.9740309715271;-2.095173120498657;1.4999996423721311;1.0
1.167050838470459;2.47060775756836;-1.5;0.0
-2.039717197418213;-2.128409147262573;1.500000238418579;1.0
-0.3267855644226074;4.474589347839356;-1.5000001192092896;0.0
1.8889491558074951;2.0989561080932617;5.239248275756836e-05;5.0
-2.060730457305908;-2.195171594619751;1.500000238418579;1.0
-4.23328971862793;-4.234316825866699;1.4999998807907104;1.0
-4.853662490844727;-3.97500205039978;-1.5;0.0
-2.1306047439575195;-2.220799684524536;1.5;1.0
-1.269215106964111;2.671016216278076;-1.199981451034546;6.0
-1.0211143493652344;-0.8256471157073975;1.5;1.0
-1.261754035949707;3.967589855194092;-1.2975115776062012;6.0
-4.499702453613281;-4.027704238891602;1.5;1.0
-0.2333550453186035;-0.1297931671142578;1.499999761581421;1.0
1.777116298675537;2.401787757873535;-1.0013833045959473;5.0
-4.927197456359863;-4.529904365539551;0.5954937934875488;2.0
-1.2646188735961914;3.4698486328125;0.5984712839126587;6.0
-1.8950138092041016;-1.3459370136260986;-1.4999998807907104;0.0
-1.279019832611084;0.9669158458709716;-0.997589111328125;6.0
-4.762688636779785;-4.929564476013184;1.294673204421997;2.0
-4.844598770141602;-4.929563522338867;-1.0977530479431152;2.0
-2.22437047958374;-2.316115617752075;1.5;1.0
-2.281566619873047;-2.4095823764801025;1.4999998807907104;1.0
1.777116298675537;2.401787757873535;-0.3990612626075744;5.0
-4.92719841003418;-4.529904365539551;1.1999036073684692;2.0
-2.3211541175842285;-2.414499044418335;1.500000238418579;1.0
-4.929473876953125;-4.914483070373535;-1.3004541397094729;2.0
-1.276716709136963;1.3672192096710205;0.6963095664978027;6.0
-0.6292061805725098;4.169643402099609;1.5;1.0
1.8889479637146;2.098954200744629;0.4007464647293091;5.0
-0.3537487983703613;-0.4145610332489013;-1.5;0.0
-0.7268400192260742;3.670788764953613;1.500000238418579;1.0
-2.447973251342773;-2.579708814620972;1.4999998807907104;1.0
-4.924385070800781;-4.054708480834961;-1.1947835683822632;2.0
-2.524369239807129;-2.621074914932251;1.4999998807907104;1.0
-1.260012149810791;4.270197868347168;-1.0985102653503418;6.0
-0.6269927024841309;1.672203540802002;1.4999995231628418;1.0
-0.0102035999298095;0.3524270057678222;1.499999761581421;1.0
0.8602955341339111;1.1416819095611572;1.5;1.0
-1.6427907943725586;-1.630530595779419;1.500000238418579;1.0
-0.9244647026062012;-0.7238380908966064;1.5;1.0
-2.549838066101074;-2.6961615085601807;1.500000238418579;1.0
1.9086666107177732;2.2836639881134038;-1.4007279872894287;5.0
-1.2744054794311523;1.768895387649536;0.6982861757278442;6.0
1.9086666107177732;2.2836642265319824;-1.2012696266174316;5.0
-4.924864768981934;-4.135882377624512;1.3937559127807615;2.0
-4.844599723815918;-4.929564476013184;0.5971435308456421;2.0
1.1659281253814695;2.170797824859619;-1.5;0.0
-0.1295897960662841;0.0681769847869873;1.500000238418579;1.0
-2.7465567588806152;-2.8216354846954346;1.4999998807907104;1.0
-2.8609395027160645;-2.937466859817505;1.5;1.0
-3.034224033355713;-2.7344038486480717;-1.5;0.0
-2.845677375793457;-2.999187707901001;1.499999761581421;1.0
-3.063352108001709;-3.1291964054107666;1.4999994039535522;1.0
-1.2646183967590332;3.4698486328125;0.4976279735565185;6.0
-4.3537445068359375;-4.323572158813477;1.5;1.0
-0.2303738594055175;4.929563522338867;0.3999135494232178;2.0
-2.9110107421875;-2.833365201950073;-1.5000001192092896;0.0
1.9223302602767944;2.231057643890381;0.7011497020721436;5.0
-3.1440529823303223;-3.2241666316986084;1.5;1.0
-1.2755508422851562;1.5698728561401367;0.8981711864471436;6.0
-1.2790203094482422;0.9669158458709716;-0.601135790348053;6.0
0.4784009456634521;4.929563522338867;-1.399669885635376;2.0
-1.2594332695007324;4.370989799499512;0.3019221425056457;6.0
-3.1758036613464355;-3.310288667678833;1.499999761581421;1.0
-0.422645092010498;3.173422813415528;1.500000238418579;1.0
-1.2816996574401855;0.501253604888916;-1.1068201065063477;6.0
-1.2793970108032229;0.9015352725982666;-1.3966057300567627;6.0
-1.0252294540405271;4.271063804626465;1.5;1.0
-4.064838409423828;-4.217469215393066;-1.5;0.0
-2.8201184272766118;-2.429724931716919;-1.5;0.0
-1.0417284965515137;2.6683812141418457;-1.5;0.0
-3.224055767059326;-3.332331895828247;1.500000238418579;1.0
-3.2620959281921387;-3.3983423709869385;1.4999998807907104;1.0
-2.7137885093688965;-2.12296462059021;-1.5000001192092896;0.0
0.4656689167022705;1.8666298389434812;-1.5;0.0
-0.5284581184387207;4.929563522338867;-1.1996467113494873;2.0
-3.3478188514709477;-3.4996678829193115;1.500000238418579;1.0
-1.2692146301269531;2.671016216278076;0.596763014793396;6.0
-3.455103874206543;-3.525152921676636;1.5;1.0
-0.2350053787231445;-0.3016560077667236;-1.5;0.0
-1.2594332695007324;4.370989799499512;-0.4001897275447845;6.0
-3.438485145568848;-3.592360258102417;1.5;1.0
-3.6939311027526855;-3.636824369430542;-1.5;0.0
0.269885778427124;4.468478202819824;-1.4999998807907104;0.0
0.0607893466949462;1.7690281867980957;-1.5;0.0
-4.666238784790039;-4.732948303222656;-1.5;0.0
-3.5455121994018555;-3.63071084022522;1.5;1.0
-4.926026344299316;-4.331976890563965;0.0940805077552795;2.0
-0.1257894039154052;1.4720420837402344;1.5;1.0
-1.257138729095459;4.769614219665527;-0.8000212907791138;6.0
-0.0269696712493896;2.9691085815429688;1.4999998807907104;1.0
1.3678174018859863;3.570007085800171;-1.5;0.0
-0.7370138168334961;-0.7342197895050049;1.500000238418579;1.0
0.1746423244476318;1.9680545330047607;1.5;1.0
-3.67841911315918;-3.823163747787476;1.5;1.0
-3.879650115966797;-4.028502464294434;1.5;1.0
-3.9257493019104;-4.105498313903809;1.5;1.0
0.255141019821167;1.5004034042358398;1.500000238418579;1.0
-1.2715468406677246;2.2656924724578857;-0.1986066401004791;6.0
-1.2646183967590332;3.4698486328125;-1.3031442165374756;6.0
-3.5442466735839844;-2.9335381984710693;1.4999998807907104;1.0
-1.2816991806030271;0.5012540817260742;0.3049658536911011;6.0
-1.26289701461792;3.768943309783936;-0.5958092212677002;6.0
-4.034833908081055;-4.202037811279297;1.499999761581421;1.0
-4.098062038421631;-4.220789909362793;1.5;1.0
-4.259177207946777;-4.415775299072266;1.4999998807907104;1.0
-0.0403661727905273;1.972441911697388;-1.5000001192092896;0.0
-1.0196480751037598;2.871392250061035;-1.5;0.0
-4.690114974975586;-3.8592936992645264;1.500000238418579;1.0
-4.374611854553223;-4.533566474914551;1.5;1.0
-1.2726836204528809;2.0682132244110107;0.8975965976715088;6.0
-1.1578431129455566;-0.7340538501739502;-1.5;0.0
-4.746451377868652;-4.929562568664551;1.4868940114974976;2.0
1.7695415019989014;2.403392791748047;0.789635419845581;5.0
-0.9343752861022948;1.465489625930786;-1.5;0.0
2.069403648376465;2.269751071929932;-1.499999761581421;0.0
1.4556522369384766;4.929563522338867;-0.5014417171478271;2.0
-1.2720918655395508;2.171060562133789;-1.4004929065704346;6.0
-4.746453285217285;-4.929563522338867;1.2019811868667605;2.0
1.0706422328948977;4.929563522338867;-0.2997212409973144;2.0
-4.762686729431152;-4.929563522338867;0.6939457654953003;2.0
-4.746453285217285;-4.929564476013184;0.6021641492843628;2.0
-1.2680611610412598;2.871427059173584;0.0969361066818237;6.0
-1.37074613571167;-1.4283978939056396;-1.5000001192092896;0.0
-2.7242136001586914;-2.7235920429229736;1.4999998807907104;1.0
-1.0334625244140625;2.3722472190856934;1.500000238418579;1.0
-2.5834994316101074;-1.9452965259552;-1.5000001192092896;0.0
-0.9309577941894532;1.1689236164093018;1.5;1.0
-4.762688636779785;-4.929564476013184;0.4987095594406128;2.0
-4.828119277954102;-4.929563522338867;-0.2960157990455627;2.0
-1.2646174430847168;3.4698486328125;0.8001574277877808;6.0
-4.927787780761719;-4.6295671463012695;-0.9922320246696472;2.0
-4.927199363708496;-4.529906272888184;-0.4017831087112427;2.0
-4.762688636779785;-4.929564476013184;0.3034732341766357;2.0
-1.0220413208007812;2.7724380493164062;1.5000004768371582;1.0
-4.762687683105469;-4.929563522338867;0.198346197605133;2.0
-0.9362063407897948;0.7730350494384766;1.5;1.0
-1.039391040802002;1.0620217323303225;-1.5000001192092896;0.0
-0.8293776512145996;4.872190475463867;1.4999998807907104;1.0
-4.928380012512207;-4.729694366455078;-0.0066114962100982;2.0
-4.762687683105469;-4.929564476013184;0.003109335899353;2.0
-2.024831771850586;-1.4526326656341553;1.5;1.0
-3.583258628845215;-3.5977766513824463;-1.5;0.0
-4.762688636779785;-4.929564476013184;-0.2972540259361267;2.0
-4.927787780761719;-4.629568099975586;-0.4015531539916992;2.0
-1.2793960571289062;0.901535987854004;0.2992368936538696;6.0
0.7781827449798584;4.929563522338867;0.5983060598373413;2.0
-4.92719841003418;-4.529906272888184;-0.9910823106765748;2.0
-0.5284576416015625;4.929563522338867;0.3016201257705688;2.0
-0.8171005249023438;2.4755678176879883;-1.5;0.0
-4.762686729431152;-4.929563522338867;-0.40238156914711;2.0
1.777116298675537;2.401787757873535;-1.199951171875;5.0
-4.762687683105469;-4.929563522338867;-0.4924903810024261;2.0
-0.3293299674987793;4.572933673858643;-1.500000238418579;0.0
-1.263477802276611;3.66811752319336;-0.1041311621665954;6.0
-4.762686729431152;-4.929563522338867;-0.5976173877716064;2.0
-4.762687683105469;-4.929564476013184;-1.003108263015747;2.0
-1.2755508422851562;1.5698738098144531;0.5988441705703735;6.0
-4.927689552307129;-4.612920761108398;-1.2039964199066162;2.0
-1.2793960571289062;0.9015357494354248;1.094416856765747;6.0
-1.1168718338012695;1.3753535747528076;-1.5;0.0
-4.762687683105469;-4.929563522338867;-1.0932176113128662;2.0
-4.762688636779785;-4.929564476013184;-1.3935819864273071;2.0
0.1744661331176757;3.673840045928955;-1.5;0.0
-2.645216464996338;-2.1323797702789307;1.500000238418579;1.0
-1.2703490257263184;2.47383713722229;1.0981736183166504;6.0
-1.266352653503418;3.168331384658813;-0.2989737093448639;6.0
-4.746452331542969;-4.929564476013184;-1.4821995496749878;2.0
-3.770914077758789;-3.3254997730255127;-1.5000001192092896;0.0
-4.39771842956543;-4.588932037353516;-1.5;0.0
1.922709822654724;2.197545528411865;-0.3999505043029785;5.0
0.3741381168365478;4.929563522338867;-0.9993897676467896;2.0
1.973395824432373;3.671950340270996;-1.5;0.0
-3.9579391479492183;-4.108389854431152;-1.5000001192092896;0.0
-1.268061637878418;2.871427059173584;-1.0969350337982178;6.0
-4.926610946655273;-4.430710792541504;-1.2009892463684082;2.0
-2.5724310874938965;-2.694600343704224;-1.5;0.0
-3.853908061981201;-4.002235412597656;-1.5;0.0
-3.1998605728149414;-3.321281671524048;-1.5;0.0
-1.0406527519226074;2.363236427307129;-1.4999998807907104;0.0
-3.0245466232299805;-3.1824018955230717;-1.5;0.0
-2.639420509338379;-2.787919282913208;-1.5;0.0
-0.1259903907775879;4.929563522338867;-1.2983040809631348;2.0
-1.0567412376403809;-0.7319858074188232;-1.5;0.0
-2.502103328704834;-2.6228368282318115;-1.5000001192092896;0.0
-0.6359272003173828;4.170205116271973;-1.5000001192092896;0.0
1.4718506336212158;3.771332263946533;-1.5;0.0
-1.2744054794311523;1.768895149230957;0.4016422629356384;6.0
-2.2978110313415527;-2.426190137863159;-1.499999761581421;0.0
-0.2236857414245605;1.3680367469787598;-1.5;0.0
-1.1242475509643557;-1.027618646621704;1.4999998807907104;1.0
-2.1107420921325684;-2.223487138748169;-1.4999998807907104;0.0
-4.754142761230469;-4.219721794128418;1.5;1.0
-2.045724868774414;-2.179802179336548;-1.5;0.0
-4.202184677124023;-4.218570709228516;-1.5;0.0
0.7433452606201172;1.812719821929932;-1.4999998807907104;0.0
-0.4409990310668945;4.929563522338867;-1.101367473602295;2.0
-1.9371485710144043;-2.024143934249878;-1.5;0.0
0.2719001770019531;1.6681523323059082;1.499999761581421;1.0
-4.399629592895508;-4.4323930740356445;1.500000238418579;1.0
-3.136873245239258;-2.728149652481079;-1.4999998807907104;0.0
-0.7365851402282715;3.072425842285156;-1.499999761581421;0.0
-1.8221044540405276;-1.9180734157562256;-1.5;0.0
-1.27846097946167;1.064286470413208;-0.9954652190208436;6.0
-4.92719841003418;-4.529905319213867;-0.0089161694049835;2.0
-1.6671876907348633;-1.7285940647125244;-1.5;0.0
-4.321165084838867;-3.7374260425567623;-1.5;0.0
-1.5646624565124512;-1.6247708797454834;-1.5000001192092896;0.0
-1.128603458404541;2.8703856468200684;-1.5;0.0
-0.3293023109436035;-0.0289580821990966;1.5;1.0
-1.2784605026245115;1.0642869472503662;0.3982834815979004;6.0
-4.927197456359863;-4.529905319213867;-1.3990600109100342;2.0
-1.4659156799316406;-1.524773359298706;-1.4999998807907104;0.0
0.5740087032318115;3.6715595722198486;-1.5;0.0
-4.927787780761719;-4.6295671463012695;-0.0077664256095886;2.0
1.373887062072754;2.672915458679199;-1.5000001192092896;0.0
-1.2673263549804688;-1.382493257522583;-1.5;0.0
-3.879756450653076;-3.384824514389038;-1.5;0.0
-1.226590633392334;-1.321288824081421;-1.5;0.0
-1.243974208831787;4.929563522338867;0.0968004465103149;2.0
-4.9289751052856445;-4.830286979675293;0.2988858819007873;2.0
-1.063162326812744;-1.116917848587036;-1.5;0.0
-1.2565560340881348;4.870924949645996;-0.9996057748794556;6.0
-0.6394195556640625;3.9684886932373047;-1.5;0.0
-1.3160796165466309;-1.1284730434417725;1.4999996423721311;1.0
-0.3247270584106445;4.929563522338867;-0.002389371395111;2.0
0.4735679626464844;3.771374225616455;-1.4999998807907104;0.0
-0.4446029663085937;-0.5151255130767822;-1.5;0.0
-0.3364133834838867;-0.333179235458374;-1.5;0.0
-0.6243586540222168;2.0689902305603027;1.500000238418579;1.0
0.3711307048797607;2.570312976837158;-1.5;0.0
1.5106689929962158;1.7355825901031494;-1.5;0.0
-1.137497901916504;2.8687052726745605;1.5;1.0
-0.5342617034912109;3.9697377681732178;-1.499999761581421;0.0
-2.770261764526367;-2.63134503364563;-1.5;0.0
-0.1529052257537841;-0.2103965282440185;-1.499999761581421;0.0
-0.0326323509216308;-0.0290660858154296;-1.4999998807907104;0.0
0.0554840564727783;-0.0058000087738037;-1.5;0.0
-0.2277135848999023;1.969659686088562;-1.5000001192092896;0.0
-1.256556510925293;4.870924949645996;1.0994104146957395;6.0
-4.929473876953125;-4.914483070373535;1.474454641342163;2.0
-1.2801551818847656;0.769646167755127;0.2956839203834533;6.0
-4.92719841003418;-4.529904365539551;-1.2026262283325195;2.0
-0.6318860054016113;-0.6289770603179932;1.500000238418579;1.0
-4.927787780761719;-4.629568099975586;-0.2046595215797424;2.0
-3.3922247886657715;-3.4338595867156982;-1.5;0.0
0.3613831996917724;1.8668296337127688;-1.4999998807907104;0.0
-3.28671932220459;-3.40974497795105;-1.5;0.0
-4.926027297973633;-4.331977844238281;-1.4851195812225342;2.0
-4.928976058959961;-4.830286979675293;-0.309788703918457;2.0
-0.434356689453125;4.168377876281738;-1.5;0.0
-3.0376076698303223;-3.1295831203460693;-1.5;0.0
-1.2772631645202637;1.2724318504333496;-0.5039907097816467;6.0
-1.1247520446777344;-1.1318485736846924;1.499999761581421;1.0
1.3687338829040527;4.929563522338867;-0.7990673780441284;2.0
-3.6411190032958975;-3.727528333663941;1.5;1.0
-1.2807307243347168;0.6697273254394531;-0.7991646528244019;6.0
0.0522689819335937;1.3871827125549316;-1.4999998807907104;0.0
1.3687336444854736;4.929563522338867;-1.099637746810913;2.0
-0.4409980773925781;4.929563522338867;-1.2011332511901855;2.0
-3.5194754600524902;-3.0337164402008057;1.5;1.0
-0.1221423149108886;-0.0286898612976074;1.4999998807907104;1.0
-2.961941719055176;-3.026697874069214;-1.5;0.0
-2.6009621620178223;-1.9610326290130613;1.500000238418579;1.0
-0.4278225898742676;-0.4246881008148193;-1.4999998807907104;0.0
1.9223302602767944;2.231057643890381;-1.2991838455200195;5.0
-1.2715468406677246;2.265692710876465;0.5033724308013916;6.0
-4.62857723236084;-4.727494239807129;1.499999761581421;1.0
-0.8363180160522461;4.929563522338867;0.3992654085159302;2.0
-1.2347359657287598;-1.2324860095977783;1.500000238418579;1.0
0.3706381320953369;2.168426513671875;-1.5000001192092896;0.0
-1.5414361953735352;-1.5292599201202393;1.4999996423721311;1.0
-4.828119277954102;-4.929563522338867;1.471842885017395;2.0
-3.6019082069396973;-2.9314897060394287;1.500000238418579;1.0
-4.844598770141602;-4.929563522338867;1.3991925716400146;2.0
-1.2749757766723633;1.6698317527770996;-0.3000399470329284;6.0
-1.268655776977539;2.7682442665100098;-0.600601077079773;6.0
0.9779338836669922;1.0740840435028076;-1.5;0.0
-4.844598770141602;-4.929563522338867;1.293261170387268;2.0
-1.2611560821533203;4.071524620056152;-0.8040504455566406;6.0
-4.828119277954102;-4.929563522338867;1.199864625930786;2.0
-4.844598770141602;-4.929562568664551;1.096532106399536;2.0
0.1716535091400146;2.0735397338867188;1.5;1.0
-4.828118324279785;-4.929563522338867;1.0034358501434326;2.0
-4.92486572265625;-4.135883331298828;-0.1032839715480804;2.0
-1.260120868682861;2.1676273345947266;1.5;1.0
-4.844598770141602;-4.929563522338867;0.8998031616210938;2.0
0.1813371181488037;0.5394632816314697;-1.5000001192092896;0.0
-4.844599723815918;-4.929564476013184;0.793872594833374;2.0
-1.2720909118652344;2.1710610389709477;0.5997517108917236;6.0
-1.0306100845336914;2.770608901977539;-1.5000001192092896;0.0
1.9227097034454343;2.197545528411865;0.4004443883895874;5.0
-0.9271502494812012;0.778832197189331;-1.500000238418579;0.0
-1.2577290534973145;4.667212009429932;-1.099886178970337;6.0
-0.6271920204162598;4.371517658233643;1.5;1.0
-4.828119277954102;-4.929563522338867;0.7012375593185425;2.0
-1.2749757766723633;1.6698319911956787;-0.4960789382457733;6.0
-4.844599723815918;-4.929563522338867;0.4004144668579101;2.0
-3.906264781951904;-3.151503801345825;1.4999998807907104;1.0
-0.1235785484313964;4.2700066566467285;1.5;1.0
1.922709822654724;2.197545528411865;-0.4984118044376373;5.0
-4.844598770141602;-4.929563522338867;-0.0989749133586883;2.0
1.6835975646972656;2.404438018798828;-0.1990316212177276;5.0
-0.4253478050231933;1.9696252346038816;1.500000238418579;1.0
-1.2582907676696775;4.569481372833252;-1.3005322217941284;6.0
1.914300799369812;2.1492257118225098;-0.7002939581871033;5.0
-4.844599723815918;-4.929564476013184;-0.2049056589603424;2.0
-4.844599723815918;-4.929563522338867;-0.4016352295875549;2.0
1.908666491508484;2.2836642265319824;-0.2008126378059387;5.0
-0.8292303085327148;-0.7291109561920166;1.4999996423721311;1.0
-4.844599723815918;-4.929563522338867;-0.5983637571334839;2.0
-0.5337481498718262;1.5686099529266355;1.500000238418579;1.0
-0.9116706848144532;1.373674392700195;-1.5;0.0
-0.935842514038086;1.6689300537109375;1.500000238418579;1.0
-1.2749767303466797;1.6698315143585205;0.3978592753410339;6.0
-4.924866676330566;-4.135882377624512;-0.2080764770507812;2.0
-4.828120231628418;-4.929564476013184;-1.006181001663208;2.0
-2.7035045623779297;-2.5287749767303467;-1.5000001192092896;0.0
-4.844599723815918;-4.929563522338867;-1.400413990020752;2.0
-4.1838812828063965;-4.292593002319336;-1.5;0.0
-4.24794864654541;-4.033515930175781;-1.5;0.0
-0.4295830726623535;2.170419931411743;1.499999761581421;1.0
0.8730199337005615;4.929563522338867;-0.3982335925102234;2.0
1.8889484405517576;2.098954677581787;0.5994640588760376;5.0
-0.6233491897583008;-0.6204283237457275;-1.5000001192092896;0.0
-0.4273152351379394;1.4697208404541016;1.500000238418579;1.0
-4.929473876953125;-4.914484024047852;-1.4681679010391235;2.0
1.9223301410675049;2.231057643890381;0.5998672246932983;5.0
-4.925445556640625;-4.233699798583984;-1.392804741859436;2.0
-0.5233721733093262;-0.5203425884246826;-1.5;0.0
1.9223301410675049;2.231057643890381;-0.5996999740600586;5.0
-1.415964126586914;-1.4239399433135986;1.5;1.0
1.9227097034454343;2.197545528411865;0.200345754623413;5.0
-2.2365074157714844;-2.027937650680542;-1.5;0.0
0.9690172672271729;4.268795490264893;-1.5;0.0
-2.51857328414917;-2.121920347213745;1.4999998807907104;1.0
-4.929474830627441;-4.914484024047852;0.1022471189498901;2.0
-1.2709245681762695;2.3738579750061035;0.703307032585144;6.0
-2.425254821777344;-2.3288753032684326;1.500000238418579;1.0
-1.2703490257263184;2.473837375640869;-0.1032898724079132;6.0
-1.7171630859375;-1.726048231124878;1.5;1.0
-2.4401164054870605;-2.4391844272613525;1.4999998807907104;1.0
1.671847581863403;4.671587467193604;-1.5;0.0
-0.1340351104736328;3.169227600097656;1.500000238418579;1.0
-0.9423751831054688;4.929563522338867;1.3017927408218384;2.0
-0.7294721603393555;4.46817684173584;1.500000238418579;1.0
-3.2482175827026367;-3.2346231937408447;1.5;1.0
-4.925444602966309;-4.233698844909668;0.3928050994873047;2.0
1.3737554550170898;4.929563522338867;-1.200187921524048;2.0
-0.0338633060455322;0.0722386837005615;1.500000238418579;1.0
-1.26861572265625;2.775153636932373;-0.3025880753993988;6.0
-0.9141192436218262;3.273965120315552;-1.5000001192092896;0.0
-2.589493751525879;-2.6256110668182373;-1.5000001192092896;0.0
1.1727769374847412;4.071537017822266;-1.5;0.0
-0.6434831619262695;2.5693979263305664;-1.5000001192092896;0.0
-1.2651777267456057;3.372502088546753;-1.198429822921753;6.0
-3.480006694793701;-2.739715337753296;1.5;1.0
-2.118030071258545;-2.116745710372925;1.5;1.0
1.7739899158477783;3.0715956687927246;-1.4999998807907104;0.0
1.6736254692077637;3.870253324508667;-1.5000001192092896;0.0
-2.960034847259521;-2.933699369430542;1.5;1.0
0.468285322189331;4.929563522338867;0.3002386689186096;2.0
-3.607123851776123;-3.621713876724243;1.5;1.0
-1.8323488235473635;-1.5308682918548584;1.500000238418579;1.0
-4.92710018157959;-4.513339042663574;-1.4742313623428345;2.0
-3.704165935516357;-3.7190487384796143;1.5;1.0
-4.463629722595215;-4.322400093078613;-1.5;0.0
-2.2656807899475098;-2.229622602462769;-1.5;0.0
-0.1371970176696777;2.966683149337769;-1.5;0.0
-4.008209228515625;-4.039036750793457;1.4999998807907104;1.0
0.3785903453826904;3.0713884830474854;-1.5;0.0
-1.2720918655395508;2.171060800552368;-0.1972807347774505;6.0
-3.305318832397461;-3.2235615253448486;1.500000238418579;1.0
0.4247279167175293;1.610659122467041;-1.5000001192092896;0.0
-0.3409147262573242;4.929563522338867;0.7020038366317749;2.0
-4.088907241821289;-4.120133399963379;-1.4999998807907104;0.0
-2.523794651031494;-2.535114526748657;-1.5;0.0
0.0637998580932617;3.968846321105957;-1.5000001192092896;0.0
-1.734689712524414;-1.7223527431488037;-1.5;0.0
-0.0391156673431396;2.666438102722168;-1.4999998807907104;0.0
-1.248997688293457;2.372900485992432;1.500000238418579;1.0
-4.119192600250244;-4.13532829284668;1.5;1.0
-4.929473876953125;-4.914483070373535;-0.6905838251113892;2.0
-4.525129318237305;-4.52647590637207;1.500000238418579;1.0
0.0688745975494384;3.071342706680298;1.4999998807907104;1.0
-0.840980052947998;-0.6349990367889404;-1.500000238418579;0.0
-0.3247270584106445;4.929563522338867;-1.0998218059539795;2.0
-3.1065073013305664;-2.44211745262146;-1.5;0.0
-3.489302635192871;-3.503536939620972;-1.5;0.0
-4.435381889343262;-4.436626434326172;-1.5;0.0
-1.2817001342773438;0.501253604888916;-1.205892562866211;6.0
-3.141546726226806;-3.1280410289764404;-1.5;0.0
-4.842288017272949;-4.82736873626709;1.500000238418579;1.0
-0.5389113426208496;1.0703868865966797;-1.5000001192092896;0.0
-1.2744054794311523;1.768895387649536;-1.0971910953521729;6.0
-4.929473876953125;-4.914483070373535;1.3067400455474854;2.0
-1.2816991806030271;0.5012543201446533;-0.801345705986023;6.0
-4.929474830627441;-4.914484024047852;1.200013279914856;2.0
-4.929474830627441;-4.914483070373535;0.8950779438018799;2.0
0.0653550624847412;0.1689069271087646;1.5;1.0
-1.274975299835205;1.6698319911956787;1.1035997867584229;6.0
-4.928281784057617;-4.712971687316895;0.9037091732025146;2.0
-4.929472923278809;-4.914482116699219;0.6968700885772705;2.0
1.888948917388916;2.0989556312561035;-0.1009353101253509;5.0
-4.929474830627441;-4.914483070373535;-0.0044799447059631;2.0
0.7761785984039307;3.3716483116149902;-1.500000238418579;0.0
-1.2801556587219238;0.7696456909179688;-1.197752833366394;6.0
-1.540300369262695;-1.223968267440796;-1.5;0.0
-4.928380012512207;-4.729693412780762;0.099656343460083;2.0
-4.929475784301758;-4.914484024047852;-0.0959606170654296;2.0
-4.925446510314941;-4.233699798583984;-0.8976355791091919;2.0
-4.925444602966309;-4.233698844909668;-1.1977375745773315;2.0
-4.756058692932129;-4.528564453125;1.499999761581421;1.0
-4.929474830627441;-4.914483070373535;-0.2026876211166381;2.0
-1.2726826667785645;2.06821346282959;0.4971829056739807;6.0
-4.929473876953125;-4.914484024047852;-0.3094151616096496;2.0
-1.276716232299805;1.3672194480895996;0.4975869059562683;6.0
1.8889493942260744;2.0989561080932617;0.1987702250480651;5.0
-2.798789024353028;-2.4220221042633057;1.5;1.0
-4.929474830627441;-4.914484024047852;-0.400895893573761;2.0
-1.2801079750061035;0.7779340744018555;0.0017125010490417;6.0
-1.276716709136963;1.3672194480895996;-0.5993609428405762;6.0
1.8889491558074951;2.0989561080932617;-0.4983710348606109;5.0
-4.928380966186523;-4.729694366455078;1.2989681959152222;2.0
-4.929473876953125;-4.914482116699219;-0.5076233744621277;2.0
-1.2726831436157229;2.0682132244110107;1.3981128931045532;6.0
1.8889491558074951;2.0989558696746826;-0.2996531426906585;5.0
-0.723607063293457;2.4703516960144043;1.500000238418579;1.0
-4.929473876953125;-4.914483070373535;-0.5991030335426331;2.0
-4.929473876953125;-4.914482116699219;-0.995518445968628;2.0
-4.925445556640625;-4.233698844909668;-0.702568531036377;2.0
-1.2605986595153809;4.16835355758667;0.1990104913711547;6.0
-4.929474830627441;-4.914484024047852;-1.1022460460662842;2.0
-4.929474830627441;-4.914484024047852;-1.391935110092163;2.0
-4.925444602966309;-4.233698844909668;0.0026715993881225;2.0
-3.984647274017334;-4.0003767013549805;-1.4999998807907104;0.0
-3.063729286193848;-3.0239412784576416;-1.5;0.0
-3.883191108703613;-3.8838322162628174;-1.5000001192092896;0.0
-1.270965576171875;2.3666818141937256;-1.3999342918395996;6.0
0.5749552249908447;0.6715309619903564;1.5;1.0
-1.2680611610412598;2.871427059173584;-0.0958632230758667;6.0
-4.38636589050293;-3.615306615829468;1.5;1.0
-3.6825246810913086;-3.6829464435577393;-1.5;0.0
-0.4409995079040527;4.929563522338867;1.398326754570007;2.0
1.6835973262786863;2.404438018798828;-1.3994648456573486;5.0
2.1693031787872314;2.2709665298461914;-1.499999761581421;0.0
-3.4268760681152344;-2.731992483139038;1.500000238418579;1.0
-2.229426383972168;-2.135838270187378;1.5;1.0
-0.1259901523590088;4.929563522338867;-0.2985107600688934;2.0
-4.343426704406738;-4.21970272064209;-1.5;0.0
-0.4239554405212402;4.929563522338867;-0.000560313463211;2.0
-1.7270865440368652;-1.22469162940979;-1.5;0.0
0.381833553314209;0.4707527160644531;-1.5;0.0
1.8704853057861328;1.9713444709777832;-1.5;0.0
-4.92486572265625;-4.135882377624512;-0.7919224500656128;2.0
0.2779819965362549;1.5735955238342283;-1.5;0.0
-2.9142160415649414;-2.4303596019744877;-1.5000001192092896;0.0
1.6668198108673096;1.7695207595825195;-1.5;0.0
-4.927787780761719;-4.629568099975586;-0.4924266338348388;2.0
1.7702805995941162;1.8721789121627808;-1.5000001192092896;0.0
0.8670785427093506;0.9667108058929444;1.4999998807907104;1.0
-1.2793965339660645;0.9015357494354248;-1.1937531232833862;6.0
-1.2789735794067385;0.9750628471374512;-1.102555751800537;6.0
-0.7297730445861816;3.169743299484253;-1.5;0.0
-0.3345375061035156;-0.228567361831665;1.4999998807907104;1.0
-0.6198797225952148;4.929563522338867;-1.0996074676513672;2.0
-1.0231757164001465;3.274343967437744;1.5;1.0
-1.9312715530395508;-1.830986738204956;1.4999998807907104;1.0
-0.3210983276367187;2.571286678314209;-1.5;0.0
-2.138323307037353;-2.034690618515014;1.4999998807907104;1.0
-4.924866676330566;-4.135883331298828;0.6003251075744629;2.0
1.368424654006958;4.370295524597168;-1.5000001192092896;0.0
-3.433801651000977;-2.926576852798462;1.5;1.0
-1.243974208831787;4.929563522338867;1.1036924123764038;2.0
-1.0038528442382812;-0.5484850406646729;-1.5;0.0
-2.7465896606445312;-2.633122682571411;1.5;1.0
-4.19256591796875;-4.116860389709473;1.4999998807907104;1.0
-4.002457618713379;-3.9283697605133057;-1.5;0.0
-3.600148677825928;-3.529484510421753;-1.5;0.0
-1.549325942993164;-1.4348132610321045;-1.5000001192092896;0.0
-0.1303126811981201;-0.0292036533355712;-1.5;0.0
0.0727980136871337;0.1690728664398193;-1.5;0.0
-1.2778582572937012;1.1688389778137207;-1.0974351167678833;6.0
-4.92486572265625;-4.135882377624512;-1.196123123168945;2.0
0.3716108798980713;1.672424554824829;1.500000238418579;1.0
0.4788587093353271;0.5717804431915283;-1.5;0.0
0.8792896270751953;0.9730019569396972;-1.5;0.0
-1.2726831436157229;2.06821346282959;-0.896562933921814;6.0
-1.269819736480713;2.565840244293213;0.301279067993164;6.0
-1.2600131034851074;4.270197868347168;-0.1021454036235809;6.0
-1.2337374687194824;-1.125532865524292;1.4999998807907104;1.0
-2.9394326210021973;-2.328386068344116;-1.5;0.0
-1.2789721488952637;0.9750611782073976;0.9032680988311768;6.0
1.922330379486084;2.23105788230896;-0.7991003394126892;5.0
-1.7402911186218262;-1.6325256824493408;1.5;1.0
-0.6023287773132324;-0.1600313186645507;1.499999761581421;1.0
-0.6386585235595703;4.929563522338867;1.0974905490875244;2.0
-2.816934108734131;-2.727615594863892;1.500000238418579;1.0
-4.814888000488281;-4.131816864013672;-1.5;0.0
-4.368180274963379;-4.119606018066406;-1.5;0.0
-1.93506383895874;-1.5314347743988037;1.5;1.0
-3.0130534172058105;-2.921314001083374;1.500000238418579;1.0
-4.928977012634277;-4.830288887023926;1.485802173614502;2.0
-1.258859157562256;4.470746040344238;0.9004298448562622;6.0
0.5704481601715088;0.6671483516693115;-1.5;0.0
0.5664920806884766;4.929563522338867;0.2000817656517028;2.0
-4.109971523284912;-4.034969329833984;-1.5000001192092896;0.0
1.8592822551727293;2.355956077575684;0.3009377717971802;5.0
-1.2737975120544434;1.8745921850204468;1.0032883882522583;6.0
-2.9877586364746094;-2.922307252883911;-1.5;0.0
-0.6328301429748535;1.2710504531860352;1.4999998807907104;1.0
-0.5364766120910645;3.768034934997559;-1.4999998807907104;0.0
-4.928380966186523;-4.729694366455078;-0.9023008346557616;2.0
-1.912693977355957;-1.834535837173462;-1.4999998807907104;0.0
-4.924864768981934;-4.135880470275879;1.0943480730056765;2.0
-1.261155605316162;4.071524620056152;-0.0980935096740722;6.0
-1.650587558746338;-1.534050703048706;-1.5;0.0
-0.8232426643371582;3.07083511352539;1.5;1.0
-1.274975299835205;1.6698319911956787;0.4997993111610412;6.0
-0.7504806518554688;-0.6346104145050049;-1.5;0.0
1.1682689189910889;1.2684032917022705;-1.4999998807907104;0.0
-0.4275755882263183;2.974188327789306;1.499999761581421;1.0
-0.2204642295837402;4.475427627563477;-1.4999998807907104;0.0
1.2706658840179443;1.371975660324097;-1.5000001192092896;0.0
-1.2813105583190918;0.5689358711242676;-1.2943925857543943;6.0
-0.9235992431640624;1.7748181819915771;1.500000238418579;1.0
-2.328103542327881;-2.2214019298553467;1.500000238418579;1.0
-0.8389420509338379;0.7968170642852783;1.4999998807907104;1.0
-1.0310215950012207;4.929563522338867;0.4968497157096863;2.0
-4.612808227539063;-4.325080871582031;-1.5;0.0
-0.5269865989685059;4.171335697174072;1.4999996423721311;1.0
-3.221165180206299;-3.126857042312622;1.500000238418579;1.0
0.1299295425415039;1.412895441055298;1.5;1.0
-3.82407808303833;-3.7369110584259033;1.499999761581421;1.0
-3.926656246185303;-3.838419198989868;1.5;1.0
-1.2766714096069336;1.3750808238983154;-0.2973740100860595;6.0
-4.03501033782959;-3.930657625198364;1.5;1.0
-4.730111122131348;-4.633496284484863;1.5;1.0
0.7791092395782471;1.0568962097167969;1.499999761581421;1.0
-4.924386024475098;-4.054708480834961;-0.5971195101737976;2.0
-4.826233863830566;-4.728615760803223;-1.4999998807907104;0.0
-3.332781791687012;-3.2234647274017334;-1.5000001192092896;0.0
-1.2692146301269531;2.671016216278076;1.2031646966934204;6.0
-1.2189555168151855;-1.1301872730255127;-1.5;0.0
-1.1366701126098633;-1.0304057598114014;-1.5;0.0
1.3710041046142578;3.26991868019104;-1.5;0.0
0.9714622497558594;1.16890549659729;-1.499999761581421;0.0
1.042485237121582;2.0122838020324707;-1.5;0.0
1.6122057437896729;1.831489443778992;-1.5;0.0
-0.9338359832763672;-0.8316256999969482;-1.5;0.0
-1.79954195022583;-1.2595527172088623;1.5;1.0
1.3721795082092283;4.471782684326172;-1.4999998807907104;0.0
-0.8199539184570312;-0.720020055770874;-1.5;0.0
1.2760472297668457;2.272128105163574;-1.5000001192092896;0.0
-0.4144849777221679;-0.322655439376831;-1.500000238418579;0.0
-4.924386024475098;-4.0547075271606445;-1.1051337718963623;2.0
-3.537651538848877;-3.4254138469696045;1.500000238418579;1.0
-4.146365165710449;-4.025449752807617;1.500000238418579;1.0
-4.928876876831055;-4.813491821289063;1.3024927377700806;2.0
1.4696743488311768;3.8713626861572266;-1.5000001192092896;0.0
-4.928976058959961;-4.830286979675293;1.196681261062622;2.0
0.3726608753204345;1.971365213394165;1.499999761581421;1.0
-4.928876876831055;-4.813491821289063;1.1047509908676147;2.0
0.8691554069519043;2.77071475982666;-1.5;0.0
-1.2749762535095217;1.6698317527770996;-1.2018194198608398;6.0
-1.2738394737243652;1.8670750856399536;-1.4831066131591797;6.0
-4.928976058959961;-4.830286979675293;0.9988619089126588;2.0
0.2712249755859375;2.570453643798828;-1.5;0.0
0.5664362907409668;2.6688320636749268;-1.5;0.0
-1.2703895568847656;2.466725349426269;0.1009328961372375;6.0
-4.927787780761719;-4.629568099975586;0.991844892501831;2.0
-4.928976058959961;-4.830286979675293;0.8010426759719849;2.0
-1.220449924468994;-0.7448666095733643;1.500000238418579;1.0
-1.2703495025634766;2.473836898803711;0.6976858377456665;6.0
-4.9289751052856445;-4.830286026000977;0.603223443031311;2.0
0.4305305480957031;1.6088273525238037;1.5;1.0
-2.307313919067383;-1.7416017055511477;-1.5;0.0
1.2736263275146484;4.870327472686768;-1.4999998807907104;0.0
-4.928876876831055;-4.813490867614746;0.4050495624542236;2.0
-4.9289751052856445;-4.830286026000977;0.1923680305480957;2.0
-4.928976058959961;-4.830286979675293;0.1010667085647583;2.0
1.9143009185791016;2.149225950241089;0.7674612998962402;5.0
1.3737843036651611;3.070668935775757;-1.5;0.0
-1.0289154052734375;3.5710408687591557;1.5;1.0
-1.1149177551269531;-0.6491844654083252;1.4999998807907104;1.0
-0.3184971809387207;1.8715240955352783;-1.499999761581421;0.0
-4.927689552307129;-4.612920761108398;0.2039974927902221;2.0
-4.9289751052856445;-4.830286026000977;-0.0054511427879333;2.0
0.5332424640655518;2.4642696380615234;1.5;1.0
-1.270390510559082;2.466725349426269;1.0004422664642334;6.0
0.3704156875610351;3.867530822753906;-1.5;0.0
-4.926025390625;-4.331977844238281;-0.8985600471496582;2.0
-4.927787780761719;-4.6295671463012695;0.0982527136802673;2.0
-0.6178402900695801;1.6697790622711182;-1.5000001192092896;0.0
-4.928976058959961;-4.830287933349609;-0.0967524945735931;2.0
-4.928977012634277;-4.830287933349609;-0.4010900855064392;2.0
1.1708290576934814;4.929563522338867;0.6999818086624146;2.0
-4.926026344299316;-4.331977844238281;-1.0038392543792725;2.0
-0.8323626518249512;1.1719038486480713;1.5;1.0
-1.270390510559082;2.466725349426269;0.5015546083450317;6.0
-4.306767463684082;-3.93719220161438;1.5;1.0
-4.927787780761719;-4.6295671463012695;1.4007768630981443;2.0
-4.928976058959961;-4.830287933349609;-0.4923910200595855;2.0
-4.926026344299316;-4.331977844238281;-0.793279767036438;2.0
-4.928977012634277;-4.830287933349609;-0.5989088416099548;2.0
-4.9289751052856445;-4.830286026000977;-0.690210223197937;2.0
-4.928976058959961;-4.830287933349609;-0.9032469391822816;2.0
-3.610128879547119;-3.1323182582855225;1.4999998807907104;1.0
-4.927689552307129;-4.612919807434082;-0.7043856382369995;2.0
-1.280681610107422;0.6780858039855957;1.0034775733947754;6.0
-1.2657818794250488;3.2676310539245605;0.900402307510376;6.0
-4.926027297973633;-4.331977844238281;-0.4022397398948669;2.0
-1.2709660530090332;2.3666820526123047;-0.1012942790985107;6.0
-0.6298713684082031;3.567574977874756;1.4999998807907104;1.0
-4.9289751052856445;-4.830286026000977;-0.9945473074913024;2.0
-4.928976058959961;-4.830286979675293;-1.1010656356811523;2.0
-4.927787780761719;-4.6295671463012695;0.5980587005615234;2.0
-4.928976058959961;-4.830286979675293;-1.1923670768737793;2.0
-4.928876876831055;-4.813490867614746;-1.4050490856170654;2.0
-4.928976058959961;-4.830286979675293;-1.481487274169922;2.0
-4.926027297973633;-4.331977844238281;-0.2969594597816467;2.0
-2.841082096099853;-2.7260868549346924;-1.5;0.0
-1.222456932067871;0.6726880073547363;1.5;1.0
-2.158211708068848;-2.0315287113189697;-1.5;0.0
-2.550309181213379;-2.4278995990753174;-1.5;0.0
-2.346803665161133;-2.2280728816986084;-1.5;0.0
-3.1653428077697754;-3.031813383102417;-1.5000001192092896;0.0
-4.928380012512207;-4.729694366455078;0.2970114946365356;2.0
-0.5284581184387207;4.929563522338867;0.199647307395935;2.0
-3.9967312812805176;-3.818443536758423;1.4999998807907104;1.0
-1.2442097663879397;3.07135272026062;1.500000238418579;1.0
-4.648869514465332;-4.026089668273926;1.500000238418579;1.0
-1.254591464996338;1.2679767608642578;1.5;1.0
-1.262897491455078;3.768943309783936;-1.3977700471878052;6.0
-4.57778263092041;-4.466730117797852;-1.5;0.0
-4.924385070800781;-4.054708480834961;0.5982074737548828;2.0
0.6762359142303467;0.8701572418212891;1.5;1.0
-0.934429168701172;-0.6354000568389893;-1.5;0.0
0.0803627967834472;2.3727588653564453;-1.499999761581421;0.0
-3.19443941116333;-3.020399332046509;1.4999996423721311;1.0
-1.269819736480713;2.565840244293213;-1.2034696340560913;6.0
-2.622614860534668;-2.135489225387573;-1.5;0.0
-3.504960060119629;-3.3235280513763428;1.4999996423721311;1.0
-3.6922764778137207;-3.520655393600464;1.500000238418579;1.0
-3.953095436096192;-3.731498956680298;1.4999998807907104;1.0
1.9227097034454343;2.197545528411865;0.0002469420433044;5.0
-3.4974584579467773;-3.122760057449341;1.4999998807907104;1.0
-1.2657818794250488;3.2676310539245605;0.6021348237991333;6.0
-4.810286521911621;-4.630593299865723;1.5;1.0
-3.110750675201416;-2.833787679672241;-1.5;0.0
0.5763895511627197;2.2715039253234863;-1.4999998807907104;0.0
-1.2784605026245115;1.0642869472503662;-0.8987892866134644;6.0
-4.717941284179688;-4.523862838745117;-1.5000001192092896;0.0
-0.4311122894287109;4.37059211730957;1.5;1.0
-4.587337493896484;-4.428099632263184;-1.5;0.0
0.4774894714355469;2.6714465618133545;-1.5000001192092896;0.0
-1.279632568359375;0.8604841232299805;0.3006712198257446;6.0
-0.5378971099853516;2.2689313888549805;-1.5000001192092896;0.0
-3.413459300994873;-3.234205484390259;1.5;1.0
1.3745183944702148;3.472617626190185;-1.4999998807907104;0.0
-4.213845252990723;-4.030803680419922;1.5;1.0
1.2763049602508545;3.269887924194336;-1.5000001192092896;0.0
-4.330087661743164;-4.129016876220703;1.5;1.0
-1.28131103515625;0.5689358711242676;0.096824049949646;6.0
-1.2651782035827637;3.372502088546753;0.6037371158599854;6.0
-4.62761116027832;-4.419458389282227;1.4999998807907104;1.0
0.0735654830932617;3.369778633117676;-1.5;0.0
-1.2571392059326172;4.769614219665527;-0.9011518955230712;6.0
-3.921249866485596;-3.729909658432007;-1.5;0.0
-3.7195887565612793;-3.533048391342163;-1.5;0.0
-1.273238182067871;1.971832036972046;0.8032537698745728;6.0
0.1682064533233642;3.371239423751831;1.5;1.0
-4.92838191986084;-4.7296953201293945;-0.7960324287414551;2.0
-2.0380892753601074;-1.8361284732818604;1.500000238418579;1.0
-0.1315088272094726;2.967889308929444;1.500000238418579;1.0
-2.410550594329834;-2.219749212265014;1.499999761581421;1.0
0.0662271976470947;4.929563522338867;-1.2996188402175903;2.0
-2.512516021728516;-2.3187053203582764;1.5;1.0
1.8715136051177976;3.070001602172852;-1.5000001192092896;0.0
-3.0337648391723637;-2.8375513553619385;1.499999761581421;1.0
-1.269214153289795;2.671016216278076;-0.0994752645492553;6.0
1.3718409538269043;2.471040725708008;-1.5;0.0
1.4670109748840332;2.769683837890625;-1.5;0.0
-0.540130615234375;2.76780104637146;-1.5;0.0
-1.2576947212219238;4.672930717468262;0.7028026580810547;6.0
1.1682100296020508;4.271398544311523;-1.5;0.0
-4.928380966186523;-4.729694366455078;1.1016130447387695;2.0
-4.928380966186523;-4.729694366455078;0.9953452348709106;2.0
-4.924385070800781;-4.054708480834961;-0.8063023090362549;2.0
-4.928380966186523;-4.729694366455078;0.6917216777801514;2.0
0.576418399810791;1.9724924564361568;-1.5000001192092896;0.0
-3.319888114929199;-2.727618932723999;1.4999998807907104;1.0
-4.928380012512207;-4.729693412780762;0.4943665862083435;2.0
-4.928380966186523;-4.729694366455078;0.1907436251640319;2.0
-1.0105977058410645;1.7737326622009275;-1.5;0.0
-4.928380966186523;-4.729694366455078;-0.0976986587047576;2.0
-1.134263515472412;3.3708622455596924;1.4999996423721311;1.0
-1.2715468406677246;2.265692710876465;1.1977213621139526;6.0
-3.515693187713623;-2.934557676315308;-1.5;0.0
-4.928380966186523;-4.729694366455078;-0.2039665579795837;2.0
1.8592822551727293;2.355956077575684;-1.4004528522491455;5.0
-1.2749762535095217;1.6698315143585205;-0.0020603537559509;6.0
1.5731651782989502;4.771501541137695;-1.5000001192092896;0.0
-4.928380966186523;-4.729694366455078;-0.4013221859931946;2.0
-4.928380012512207;-4.729693412780762;-0.5075905919075012;2.0
-4.928380966186523;-4.729693412780762;-0.6897639632225037;2.0
0.5645365715026855;1.8664414882659912;-1.5;0.0
-4.925444602966309;-4.233697891235352;1.398147702217102;2.0
-4.92838191986084;-4.729696273803711;-0.9933870434761048;2.0
-4.188192844390869;-3.7186315059661865;-1.5;0.0
-1.274975299835205;1.6698322296142578;-0.9038403034210204;6.0
-4.928380966186523;-4.729694366455078;-1.0996553897857666;2.0
-1.246443748474121;3.9670801162719727;1.4999998807907104;1.0
-4.928380012512207;-4.729694366455078;-1.297010898590088;2.0
-4.92838191986084;-4.7296953201293945;-1.4032795429229736;2.0
-4.928380966186523;-4.729694366455078;-1.47918438911438;2.0
0.4784011840820312;4.929563522338867;-0.0001830756664276;2.0
-4.134035587310791;-3.937630891799927;-1.4999998807907104;0.0
0.6641955375671387;1.7871592044830322;1.499999761581421;1.0
-3.625478744506836;-3.4270479679107666;-1.499999761581421;0.0
-3.010991096496582;-2.828356981277466;-1.5;0.0
0.5664920806884766;4.929563522338867;-0.1014282703399658;2.0
-2.490527629852295;-2.321272611618042;-1.5;0.0
-0.7319474220275879;2.570373058319092;1.500000238418579;1.0
2.3216028213500977;2.526071548461914;-1.5;0.0
-0.5197224617004395;1.2729878425598145;-1.500000238418579;0.0
-1.121884822845459;-0.9317991733551024;1.4999998807907104;1.0
0.0723905563354492;2.9702672958374023;1.5;1.0
-1.5304503440856934;-1.3252055644989014;1.5;1.0
-1.2720904350280762;2.1710610389709477;-1.2012348175048828;6.0
0.374138593673706;4.929563522338867;-0.502199649810791;2.0
-4.052976608276367;-3.327577352523804;1.4999998807907104;1.0
-1.7325873374938965;-1.5303161144256592;1.4999998807907104;1.0
-1.393354415893555;-0.8728377819061279;-1.5;0.0
0.4648218154907226;2.269685745239258;-1.5;0.0
-2.218484401702881;-2.021927118301392;1.5;1.0
-2.3118338584899902;-2.123945951461792;1.500000238418579;1.0
-4.924384117126465;-4.0547075271606445;1.3004616498947144;2.0
1.7214422225952148;2.408636569976806;0.8523598909378052;5.0
0.7781829833984375;4.929563522338867;-1.0999469757080078;2.0
-2.6178884506225586;-2.4209682941436768;1.5;1.0
-0.0219519138336181;1.471480131149292;-1.5000001192092896;0.0
-2.106129646301269;-1.9355289936065676;-1.499999761581421;0.0
-1.261155605316162;4.071524620056152;-0.0002383589744567;6.0
-2.72684383392334;-2.526707410812378;1.500000238418579;1.0
-0.5302586555480957;-0.3294017314910888;-1.5;0.0
-4.449666976928711;-4.230049133300781;1.4999996423721311;1.0
-1.269819259643555;2.565840244293213;1.196604609489441;6.0
-1.2588586807250977;4.47074556350708;1.003150463104248;6.0
-3.530984401702881;-3.3349831104278564;-1.4999998807907104;0.0
-0.1225538253784179;1.7683899402618408;-1.5;0.0
-1.269819736480713;2.565840244293213;1.0009874105453491;6.0
-3.441612243652344;-3.234138250350952;-1.5;0.0
-1.43587064743042;-1.2242281436920166;1.4999998807907104;1.0
0.7729709148406982;1.9715895652771;-1.5;0.0
1.07306170463562;2.171072483062744;-1.5;0.0
-1.279679775238037;0.8522548675537109;-1.1952476501464844;6.0
-3.837156295776367;-3.4309780597686768;1.4999998807907104;1.0
-1.9223499298095703;-1.7242438793182373;1.5;1.0
-2.057319164276123;-1.832524061203003;-1.499999761581421;0.0
0.5694875717163086;3.568988084793091;-1.4999998807907104;0.0
-1.715195655822754;-1.5344483852386477;-1.5000001192092896;0.0
1.2726893424987793;2.472592830657959;-1.5;0.0
-0.5205478668212891;-0.3282768726348877;1.5;1.0
-0.6381139755249023;-0.4324386119842529;1.500000238418579;1.0
0.3681378364562988;3.47073745727539;-1.5;0.0
1.9223302602767944;2.231057643890381;0.0997836589813232;5.0
-0.7213969230651855;-0.5290744304656982;1.5;1.0
-4.927787780761719;-4.6295671463012695;1.4765050411224363;2.0
-1.2807302474975586;0.669727087020874;-0.4057422876358032;6.0
-1.2571063041687012;4.775269985198975;0.1032347679138183;6.0
-1.8316330909729004;-1.330308198928833;-1.499999761581421;0.0
-1.278459548950195;1.064287185668945;-1.196873903274536;6.0
-1.260563850402832;4.174375057220459;-1.4004379510879517;6.0
-4.479321479797363;-4.258941650390625;-1.5;0.0
-1.270390510559082;2.466725349426269;-0.6020448803901672;6.0
-1.264063835144043;3.566270589828491;0.5000600814819336;6.0
-3.738059043884277;-2.9717743396759038;-1.5000001192092896;0.0
-3.3571677207946777;-3.124841451644897;-1.5;0.0
-1.2640633583068848;3.566270589828491;-0.7975084781646729;6.0
-1.824785232543945;-1.6299293041229248;-1.499999761581421;0.0
-1.4200973510742188;-1.228828191757202;-1.5;0.0
-0.9112811088562012;-0.7290103435516357;-1.5;0.0
-1.2772626876831057;1.2724320888519287;0.9009329080581664;6.0
0.8880620002746582;1.1560842990875244;-1.5;0.0
1.7116868495941162;1.9290111064910889;-1.5000001192092896;0.0
-0.730250358581543;-0.5375635623931885;-1.499999761581421;0.0
-1.2657814025878906;3.2676310539245605;0.1001725792884826;6.0
-0.0273149013519287;0.1727018356323242;1.5;1.0
-0.3222222328186035;-0.130659818649292;1.5;1.0
-4.400318145751953;-4.135223388671875;1.499999761581421;1.0
0.6708605289459229;0.8709630966186523;-1.499999761581421;0.0
-1.1232662200927734;4.929563522338867;0.9980087280273438;2.0
1.4714221954345703;4.070450782775879;-1.5000001192092896;0.0
-3.269443988800049;-3.0398733615875244;-1.4999998807907104;0.0
-1.2657814025878906;3.2676310539245605;1.0022495985031128;6.0
0.2621781826019287;2.268000841140747;-1.5;0.0
-2.866298198699951;-2.624109506607056;-1.5;0.0
-1.9387402534484863;-1.7292096614837646;-1.5;0.0
-4.924386024475098;-4.054708480834961;1.1062217950820925;2.0
-3.865311145782471;-3.443243265151977;-1.5;0.0
-1.3293709754943848;-1.1315863132476809;-1.4999998807907104;0.0
-0.4368557929992676;-0.2321822643280029;-1.4999998807907104;0.0
-1.032792091369629;-0.6284921169281006;-1.5;0.0
0.6794764995574951;2.0710010528564453;-1.4999998807907104;0.0
-0.2320771217346191;-0.0293443202972412;-1.5;0.0
0.0784816741943359;0.2661671638488769;-1.5;0.0
1.0706422328948977;4.929563522338867;0.3986859321594238;2.0
-1.025766372680664;1.1776347160339355;-1.5;0.0
-4.404085159301758;-3.829792261123657;1.5;1.0
0.1745522022247314;0.3712258338928222;1.500000238418579;1.0
-1.2816991806030271;0.5012519359588623;0.7012571096420288;6.0
-0.4353103637695312;1.17053484916687;1.500000238418579;1.0
0.0696911811828613;0.2718408107757568;1.5;1.0
-3.05965518951416;-2.73285174369812;1.4999998807907104;1.0
-0.6279563903808594;-0.4310896396636963;-1.5;0.0
-1.2807297706604004;0.6697275638580322;1.2990885972976685;6.0
-1.0263338088989258;1.4724633693695068;1.5;1.0
1.372779369354248;3.372344255447388;-1.5;0.0
0.1672170162200927;4.929563522338867;0.2011512517929077;2.0
-0.0340240001678466;4.069806098937988;1.4999998807907104;1.0
0.4718410968780517;0.6717336177825928;1.499999761581421;1.0
-1.2793960571289062;0.901536226272583;1.3946374654769895;6.0
0.6674463748931885;4.929563522338867;0.2997460961341858;2.0
0.3763258457183838;0.5688943862915039;1.499999761581421;1.0
1.7748351097106934;2.8721718788146973;-1.5000001192092896;0.0
0.2723400592803955;0.4705348014831543;1.5;1.0
-1.260599136352539;4.16835355758667;-0.9973056316375732;6.0
-2.2280521392822266;-1.826721429824829;1.4999998807907104;1.0
-0.717470645904541;2.0726735591888428;-1.5;0.0
0.5299022197723389;2.550445556640625;1.4999998807907104;1.0
-3.3019094467163086;-3.017491102218628;1.500000238418579;1.0
-3.7150139808654794;-3.4287092685699463;1.5;1.0
-3.8141188621521;-3.524137258529663;1.4999998807907104;1.0
-4.12478494644165;-3.8382856845855713;1.4999998807907104;1.0
-4.927787780761719;-4.6295671463012695;1.2947571277618408;2.0
-1.272092342376709;2.171060562133789;-1.0019768476486206;6.0
-1.270390510559082;2.4667251110076904;0.0026673078536987;6.0
-4.927787780761719;-4.6295671463012695;1.097864031791687;2.0
-1.264026165008545;3.572667360305786;1.302404761314392;6.0
-4.927787780761719;-4.6295671463012695;0.9009709358215332;2.0
-0.4351010322570801;1.5661804676055908;1.5;1.0
-1.261754035949707;3.967589855194092;-0.0046288967132568;6.0
0.6410422325134277;2.0647575855255127;1.500000238418579;1.0
-4.9276885986328125;-4.612919807434082;0.7036075592041016;2.0
0.1656925678253173;1.6687908172607422;1.499999761581421;1.0
-0.3294267654418945;1.6740009784698486;-1.5;0.0
-4.927787780761719;-4.6295671463012695;0.2951458096504211;2.0
-4.927689552307129;-4.612919807434082;-0.2956133484840393;2.0
-4.927199363708496;-4.529905319213867;-0.0995778739452362;2.0
-0.033308982849121;1.9698917865753172;1.4999998807907104;1.0
-1.273841381072998;1.8670742511749268;0.2965892553329468;6.0
-1.028160572052002;2.8697495460510254;1.499999761581421;1.0
-2.438112258911133;-1.941525220870972;1.500000238418579;1.0
-1.2784605026245115;1.064286708831787;0.897777795791626;6.0
-4.927788734436035;-4.629568099975586;-0.9013590812683104;2.0
-4.92719841003418;-4.529906272888184;-0.7039878368377686;2.0
-1.280107021331787;0.7779345512390137;1.2009265422821045;6.0
-4.927788734436035;-4.629568099975586;-1.0982518196105957;2.0
-2.626570701599121;-2.031654119491577;1.5;1.0
-1.272684097290039;2.068212985992432;-0.9966659545898438;6.0
-0.3294858932495117;3.572896718978882;1.5;1.0
0.1758115291595459;2.872915744781494;-1.5;0.0
0.3762516975402832;4.471272468566895;-1.5;0.0
-4.927787780761719;-4.629568099975586;-1.401165008544922;2.0
-4.740562438964844;-4.432382583618164;-1.5;0.0
-0.3149013519287109;-0.1236655712127685;-1.499999761581421;0.0
1.922709584236145;2.197545528411865;-0.1013905107975006;5.0
-0.0195724964141845;0.1728641986846923;-1.5;0.0
0.167513370513916;0.371380090713501;-1.5000001192092896;0.0
0.3813633918762207;0.5736596584320068;-1.5;0.0
0.5722243785858154;0.7723603248596191;1.4999998807907104;1.0
-4.711523056030273;-3.925882577896118;-1.4999998807907104;0.0
-2.6373329162597656;-2.342341184616089;1.5000004768371582;1.0
-1.2816991806030271;0.5012543201446533;-0.5041274428367615;6.0
-2.93471097946167;-2.639147996902466;1.5;1.0
-3.1367201805114746;-2.832515001296997;1.5;1.0
-3.3878173828125;-2.670081377029419;1.5;1.0
-1.2744059562683103;1.768894910812378;0.198675274848938;6.0
1.8592822551727293;2.355956077575684;0.4999682307243347;5.0
-1.2738404273986816;1.867074728012085;0.3976198434829712;6.0
-3.2183098793029785;-2.92388129234314;1.500000238418579;1.0
-3.527120590209961;-3.2339189052581787;1.4999998807907104;1.0
-3.61845588684082;-3.335733652114868;1.499999761581421;1.0
-4.038365840911865;-3.2563016414642334;-1.5;0.0
0.3771719932556152;0.6655902862548828;1.4999998807907104;1.0
-4.649984359741211;-4.328988075256348;1.5;1.0
-2.7073211669921875;-2.42148756980896;1.4999998807907104;1.0
-0.5300102233886719;1.1754679679870603;-1.4999998807907104;0.0
-4.414588928222656;-3.931926488876343;-1.5;0.0
-2.819060802459717;-2.5284464359283447;1.5;1.0
-4.872156143188477;-4.542915344238281;-1.5;0.0
-3.9476051330566406;-3.623349905014038;-1.5000001192092896;0.0
-0.0326104164123535;2.0701937675476074;1.5;1.0
-3.845089912414551;-3.525026559829712;-1.5;0.0
0.2786786556243896;4.1724629402160645;-1.5;0.0
-1.2233376502990725;0.5809030532836914;1.5;1.0
-1.2686152458190918;2.775153636932373;-1.3976640701293943;6.0
-3.745253562927246;-3.4292733669281006;-1.4999998807907104;0.0
0.5677380561828613;0.7681424617767334;-1.5;0.0
0.3741383552551269;4.929563522338867;-0.5989976525306702;2.0
-0.3384919166564941;4.066583156585693;-1.5;0.0
0.0982649326324462;0.4507720470428467;1.500000238418579;1.0
-2.238987445831299;-1.9390156269073489;1.5;1.0
1.9328233003616333;4.061941146850586;-1.4999998807907104;0.0
-3.650811195373535;-3.3246099948883057;-1.5000001192092896;0.0
-4.926025390625;-4.331976890563965;1.2972804307937622;2.0
-3.5559935569763184;-3.233849287033081;-1.5;0.0
-2.728151321411133;-2.4291021823883057;-1.5;0.0
-1.2790207862854004;0.9669156074523926;-0.0995006263256073;6.0
-2.5119833946228027;-2.23450779914856;-1.5000001192092896;0.0
-0.8309688568115234;4.770378589630127;1.5;1.0
0.8730859756469727;1.0716760158538818;-1.5;0.0
1.076136350631714;1.271625518798828;-1.5;0.0
0.8609130382537842;1.0657908916473389;1.500000238418579;1.0
-0.8239593505859375;2.6745433807373047;1.500000238418579;1.0
-1.26861572265625;2.775153636932373;-0.8985480666160583;6.0
-1.717400074005127;-1.3288161754608154;1.500000238418579;1.0
-1.524030685424805;-1.2286407947540283;1.500000238418579;1.0
-1.9440016746521;-1.636690378189087;1.499999761581421;1.0
1.569047927856445;3.469503402709961;-1.5;0.0
-4.197690486907959;-3.817894220352173;1.5;1.0
-1.1330070495605469;1.2672460079193115;-1.5;0.0
-4.92719841003418;-4.529905319213867;1.4869987964630127;2.0
-1.2801551818847656;0.769646167755127;0.5976358652114868;6.0
-4.389840126037598;-4.03201961517334;-1.5;0.0
-3.466306209564209;-3.134279489517212;-1.5;0.0
-4.925444602966309;-4.233698844909668;-0.7925994396209717;2.0
-1.260563850402832;4.174375057220459;-1.1014504432678225;6.0
-3.8193883895874015;-3.129479169845581;-1.5000001192092896;0.0
-1.2686152458190918;2.775153636932373;0.8967812061309814;6.0
-2.314155578613281;-2.033601999282837;-1.5;0.0
-2.0094923973083496;-1.7315890789031982;-1.5000001192092896;0.0
-4.924770355224609;-4.119622230529785;-1.4053592681884766;2.0
-1.4299941062927246;-1.129863977432251;1.500000238418579;1.0
-4.926026344299316;-4.331976890563965;0.8009607791900635;2.0
-1.2675118446350098;2.9668197631835938;-1.4854317903518677;6.0
-1.243973731994629;4.929563522338867;0.396867573261261;2.0
-4.725167274475098;-4.33690071105957;1.4999998807907104;1.0
-1.2709245681762695;2.3738579750061035;1.3030625581741333;6.0
-0.3189845085144043;4.172909259796143;-1.5000001192092896;0.0
-4.510705947875977;-4.132019996643066;-1.5;0.0
-3.3788461685180664;-3.037179708480835;-1.5;0.0
0.5630896091461182;2.270167350769043;1.5;1.0
-2.9594826698303223;-2.6373441219329834;-1.5000001192092896;0.0
-2.26163387298584;-1.926335096359253;-1.5;0.0
1.172266960144043;1.3709089756011963;-1.4999998807907104;0.0
-1.273237705230713;1.971832275390625;-0.8983235955238342;6.0
-0.1260178089141845;1.973881959915161;1.5;1.0
-1.121394157409668;-0.829303503036499;1.5;1.0
-1.281260967254639;0.5773694515228271;0.4010824561119079;6.0
-1.2761311531066897;1.4690070152282717;-0.5989096164703369;6.0
-1.227980136871338;-0.9297220706939696;1.4999998807907104;1.0
0.4701864719390869;2.07076358795166;1.5;1.0
-4.151770114898682;-3.729161977767944;1.4999998807907104;1.0
-1.3062872886657717;-0.8321449756622314;1.4999998807907104;1.0
0.9686081409454346;4.929563522338867;-1.2008354663848877;2.0
-4.42516040802002;-4.034772872924805;1.500000238418579;1.0
-2.954561233520508;-2.2671988010406494;-1.5;0.0
1.6730453968048096;2.769780158996582;-1.5;0.0
-4.85930061340332;-4.432369232177734;1.499999761581421;1.0
-4.927101135253906;-4.513339996337891;1.304973006248474;2.0
-1.2738404273986816;1.8670746088027956;-0.3018240332603454;6.0
-1.2784600257873535;1.0642869472503662;-0.5040276050567627;6.0
-0.4226446151733398;4.773197650909424;-1.4999998807907104;0.0
-4.927197456359863;-4.529904365539551;1.094131588935852;2.0
-1.2801556587219238;0.7696454524993896;-0.5938495397567749;6.0
-4.927099227905273;-4.513338088989258;1.0028854608535769;2.0
-1.2784132957458496;1.0723636150360107;-0.1979941725730896;6.0
1.9732904434204104;2.971803665161133;-1.5;0.0
-4.927197456359863;-4.529904365539551;0.7919268608093262;2.0
-4.924386024475098;-4.054708480834961;-1.299375057220459;2.0
-4.92719841003418;-4.529905319213867;0.7012652158737183;2.0
1.6761531829833984;2.4030532836914062;-1.4851325750350952;5.0
-4.924385070800781;-4.0547075271606445;-0.8959519863128662;2.0
-4.92719841003418;-4.529905319213867;0.2932885885238647;2.0
1.777116298675537;2.401787757873535;-1.2992349863052368;5.0
-1.269215106964111;2.671016216278076;-0.803200364112854;6.0
-0.0362899303436279;0.271846055984497;1.499999761581421;1.0
-0.7351870536804199;4.929563522338867;1.0989041328430176;2.0
-4.92719841003418;-4.529905319213867;-0.5982158184051514;2.0
-0.330143928527832;2.2697677612304688;-1.5;0.0
-4.92719841003418;-4.529905319213867;-0.9004215598106384;2.0
-4.924385070800781;-4.0547075271606445;1.4050530195236206;2.0
-4.635099411010742;-4.234935760498047;-1.4999998807907104;0.0
-4.926610946655273;-4.430710792541504;0.5024908781051636;2.0
-2.662609100341797;-2.3299362659454346;-1.5;0.0
1.067697048187256;2.8723902702331543;-1.5;0.0
-0.939870834350586;1.1639604568481443;-1.5;0.0
-2.453260898590088;-2.131126642227173;-1.5;0.0
-2.13297700881958;-1.826965093612671;-1.5;0.0
-0.7168340682983398;4.171620845794678;-1.5000001192092896;0.0
-4.5501251220703125;-4.122437477111816;1.5;1.0
-4.34557056427002;-3.6387321949005127;-1.5;0.0
0.4682857990264892;4.929563522338867;-1.099644899368286;2.0
-1.8503236770629885;-1.5266597270965576;-1.5;0.0
1.4729657173156738;1.6626851558685305;-1.5000001192092896;0.0
-1.2657437324523926;3.2742180824279785;1.1981241703033447;6.0
-3.2421765327453613;-2.827359437942505;1.4999998807907104;1.0
-3.462691307067871;-3.035113573074341;1.499999761581421;1.0
-1.279395580291748;0.901536226272583;-1.0963844060897827;6.0
-3.939222812652588;-3.527714490890503;1.500000238418579;1.0
-1.4674720764160156;-1.0372421741485596;-1.5;0.0
-1.2801556587219238;0.7696459293365479;1.299469828605652;6.0
-1.2674736976623535;2.9736011028289795;0.8983417749404907;6.0
-4.044056415557861;-3.62707257270813;1.4999998807907104;1.0
-0.5202875137329102;2.0712032318115234;-1.5000001192092896;0.0
-4.766415596008301;-4.327840805053711;-1.5;0.0
1.1708288192749023;4.929563522338867;-0.3998644948005676;2.0
-1.7423315048217771;-1.4247138500213623;-1.5;0.0
-1.0427627563476562;2.062103748321533;-1.4999998807907104;0.0
1.5781595706939695;1.7637510299682615;-1.5;0.0
-0.1374971866607666;1.3751566410064695;-1.4999998807907104;0.0
-1.2813100814819336;0.5689363479614258;-1.1956076622009275;6.0
-3.1603012084960938;-2.7371537685394287;1.4999998807907104;1.0
-0.0380091667175293;2.468055486679077;-1.5;0.0
-0.7276840209960938;3.0678107738494877;1.5;1.0
0.1587305068969726;1.4739680290222168;-1.5;0.0
1.0706424713134766;4.929563522338867;-0.8988449573516846;2.0
-0.8238334655761719;1.1767520904541016;-1.5000001192092896;0.0
-4.284555435180664;-3.8854711055755615;-1.5000001192092896;0.0
-1.2726826667785645;2.06821346282959;1.0978028774261477;6.0
-3.694204807281494;-3.0294125080108643;1.5;1.0
-2.891514778137207;-2.522135972976685;-1.5;0.0
2.0702126026153564;2.8709375858306885;-1.5000001192092896;0.0
-1.2646188735961914;3.4698486328125;-1.403987169265747;6.0
-0.4344062805175781;-0.1265983581542968;1.500000238418579;1.0
-0.1314499378204345;2.571805000305176;1.4999998807907104;1.0
-0.5256052017211914;-0.2274844646453857;1.5;1.0
-1.2749757766723633;1.6698317527770996;-1.3978583812713623;6.0
-3.034672737121582;-2.6318633556365967;1.5;1.0
-4.80471134185791;-4.331815719604492;1.499999761581421;1.0
-1.2594332695007324;4.370989799499512;-0.5998097658157349;6.0
-1.2749757766723633;1.6698317527770996;0.0998799204826355;6.0
-1.268061637878418;2.871427059173584;1.001608967781067;6.0
-3.968097686767578;-3.540468454360962;-1.5;0.0
-3.386976718902588;-3.004307985305786;-1.5000001192092896;0.0
1.4737927913665771;2.471256732940674;-1.5;0.0
-4.924770355224609;-4.119623184204102;0.7046531438827515;2.0
-2.598512649536133;-2.232959032058716;-1.5;0.0
-2.395792961120605;-2.029954671859741;-1.5;0.0
-1.2744054794311523;1.768895149230957;1.299381136894226;6.0
1.7718956470489502;3.3715436458587646;-1.4999998807907104;0.0
-0.634152889251709;-0.2379243373870849;-1.5000001192092896;0.0
-4.926610946655273;-4.430710792541504;0.3969658613204956;2.0
0.2720329761505127;2.9710559844970703;-1.5;0.0
-0.3341474533081054;3.4671404361724854;-1.5;0.0
-1.1337099075317385;-0.8316471576690674;-1.5;0.0
-0.8231782913208008;-0.5223443508148193;-1.4999998807907104;0.0
-1.279680252075195;0.8522543907165527;-1.0000903606414795;6.0
-1.0382394790649414;1.2703533172607422;1.499999761581421;1.0
-1.2594332695007324;4.370989799499512;-0.2005697190761566;6.0
-1.264617919921875;3.4698486328125;-1.0006141662597656;6.0
-0.7154254913330078;-0.4214341640472412;-1.5;0.0
-1.2715473175048828;2.265692234039306;-0.09941366314888;6.0
-0.6125884056091309;-0.325127363204956;-1.5000001192092896;0.0
0.7781834602355957;4.929563522338867;0.6979773044586182;2.0
-1.2761311531066897;1.4690067768096924;0.8016550540924072;6.0
-4.299808502197266;-3.823787927627564;-1.5;0.0
-0.932748317718506;3.770969867706299;1.4999998807907104;1.0
-1.2744064331054688;1.768894910812378;-0.3009359538555145;6.0
-3.670511722564697;-3.2449381351470947;-1.5000001192092896;0.0
-0.3366365432739258;-0.0357697010040283;-1.4999998807907104;0.0
1.8855160474777224;2.067683219909668;-1.5000001192092896;0.0
-2.1356687545776367;-1.74037766456604;1.4999998807907104;1.0
-2.4170584678649902;-2.0266621112823486;1.5;1.0
-1.2744054794311523;1.768895149230957;-0.9020307064056396;6.0
-0.6257510185241699;-0.2302601337432861;1.499999761581421;1.0
-1.2588586807250977;4.47074556350708;0.5991147756576538;6.0
-4.623483657836914;-4.128732681274414;1.499999761581421;1.0
-1.2686152458190918;2.775153636932373;1.403347134590149;6.0
-0.4399094581604004;4.5698418617248535;-1.5000001192092896;0.0
-2.732008457183838;-2.1395514011383057;1.500000238418579;1.0
-4.926610946655273;-4.430710792541504;1.4823691844940186;2.0
0.4700992107391357;1.8692045211791992;1.500000238418579;1.0
-4.926512718200684;-4.4142255783081055;1.406253457069397;2.0
-0.7351875305175781;4.929563522338867;0.5986884832382202;2.0
-4.926609992980957;-4.430709838867188;1.1959428787231443;2.0
0.9616146087646484;1.98324453830719;-1.5000001192092896;0.0
-4.926513671875;-4.414226531982422;1.104870080947876;2.0
-4.924864768981934;-4.135881423950195;-0.4026921987533569;2.0
0.9686081409454346;4.929563522338867;-1.300700068473816;2.0
-4.926610946655273;-4.430710792541504;0.9999674558639526;2.0
-0.5284576416015625;4.929563522338867;-0.8993933200836182;2.0
-0.8311648368835449;3.167840003967285;1.499999761581421;1.0
-4.92661190032959;-4.43071174621582;0.2009903192520141;2.0
-1.247117042541504;1.772305250167847;1.5;1.0
-4.926610946655273;-4.430710792541504;0.0954647064208984;2.0
1.0667760372161863;3.0707497596740723;-1.5;0.0
-4.924385070800781;-4.054706573486328;0.5085575580596924;2.0
-4.926512718200684;-4.4142255783081055;0.0048182010650634;2.0
1.777116298675537;2.401787757873535;0.1006674170494079;5.0
-0.6235237121582031;3.3696537017822266;1.4999998807907104;1.0
-4.926610946655273;-4.430710792541504;-0.1005108058452606;2.0
-1.261754035949707;3.967589855194092;-0.8969988822937012;6.0
-4.926610946655273;-4.430710792541504;-0.4924619495868683;2.0
1.3973345756530762;1.6374680995941162;-1.5;0.0
-4.926610946655273;-4.430710792541504;-0.7035125494003296;2.0
-4.926514625549316;-4.414227485656738;-1.004817247390747;2.0
-4.926610946655273;-4.430710792541504;-1.095463752746582;2.0
-4.924385070800781;-4.0547075271606445;-0.1040474474430084;2.0
1.777116298675537;2.401787757873535;-0.5016545057296753;5.0
-4.926610946655273;-4.430710792541504;-1.396965265274048;2.0
-2.2079405784606934;-1.830430269241333;-1.5;0.0
-1.2793960571289062;0.901535987854004;1.2972685098648071;6.0
0.6717355251312256;4.57174825668335;-1.5;0.0
-0.4251356124877929;-0.1258754730224609;-1.4999998807907104;0.0
-1.2807307243347168;0.669727087020874;-0.9958757758140564;6.0
-0.2238531112670898;0.0765125751495361;-1.5;0.0
-0.1186931133270263;1.971279859542847;-1.5;0.0
0.0739727020263671;0.3734567165374756;1.4999996423721311;1.0
-1.8241238594055176;-1.4281632900238037;1.5;1.0
-2.321059226989746;-1.925107717514038;1.4999998807907104;1.0
-3.405941963195801;-2.9276044368743896;-1.5;0.0
-4.218822479248047;-3.7324306964874263;1.5;1.0
-3.4909982681274414;-3.034419298171997;-1.499999761581421;0.0
0.1780602931976318;0.4693779945373535;1.4999998807907104;1.0
-1.2749762535095217;1.6698317527770996;-0.801899790763855;6.0
-1.268061637878418;2.871426820755005;-0.2960776090621948;6.0
1.6708660125732422;4.171505928039551;-1.5;0.0
-3.29587459564209;-2.8247334957122803;1.5;1.0
-0.5375494956970215;1.170889139175415;1.5;1.0
-4.453106880187988;-3.921766042709351;1.500000238418579;1.0
-1.9166607856750488;-1.5356876850128174;-1.5;0.0
-1.2807302474975586;0.6697273254394531;-1.4712612628936768;6.0
-0.6226711273193359;0.9737472534179688;-1.5;0.0
-1.258291244506836;4.569481372833252;-0.8985626697540283;6.0
1.914300799369812;2.149225950241089;0.5014709234237671;5.0
-1.268655776977539;2.7682418823242188;1.2027709484100342;6.0
-1.8063435554504397;-1.432581663131714;-1.5;0.0
-1.6020822525024414;-1.2214696407318115;-1.5;0.0
-1.269819736480713;2.565840244293213;0.0003294348716735;6.0
-0.1156756877899169;0.1768076419830322;-1.500000238418579;0.0
-0.5284581184387207;4.929563522338867;0.0976743698120117;2.0
0.280472993850708;0.5703003406524658;-1.5;0.0
-1.2784137725830078;1.0723633766174316;-0.8020052909851074;6.0
-4.926027297973633;-4.331977844238281;0.3948808908462524;2.0
1.960191011428833;2.179481744766236;-1.5;0.0
-0.3409147262573242;4.929563522338867;-0.90246844291687;2.0
-1.4261293411254885;-1.028416395187378;1.5;1.0
0.0743923187255859;4.172290325164795;1.499999761581421;1.0
-4.7793378829956055;-4.275568008422852;-1.5;0.0
-1.2790203094482422;0.9669158458709716;-0.398863673210144;6.0
-3.615756988525391;-2.875481367111206;1.5;1.0
-4.082584857940674;-3.604332685470581;-1.4999998807907104;0.0
-2.157586097717285;-1.727445363998413;-1.5;0.0
-2.035799503326416;-1.6252076625823977;-1.5;0.0
-1.505547046661377;-1.1216962337493896;-1.5;0.0
-0.2308340072631836;2.7686710357666016;1.5;1.0
-0.4279060363769531;3.668744802474976;1.500000238418579;1.0
-0.042609691619873;0.2660236358642578;-1.5;0.0
0.1710720062255859;0.46968674659729;-1.499999761581421;0.0
-1.273237228393555;1.9718323945999143;-1.1999664306640625;6.0
0.3821794986724853;0.6701879501342773;-1.499999761581421;0.0
-1.2669296264648438;3.068065643310547;0.8993375301361084;6.0
0.4721162319183349;0.7650835514068604;1.4999998807907104;1.0
-3.2154908180236816;-2.723356008529663;1.4999998807907104;1.0
-3.3202948570251465;-2.8342316150665283;-1.4999998807907104;0.0
-1.273841381072998;1.8670743703842163;1.0970640182495115;6.0
-1.1209096908569336;-0.7276723384857178;1.5;1.0
-0.8362183570861816;1.2660565376281738;1.500000238418579;1.0
-1.2761316299438477;1.4690065383911133;0.3031489253044128;6.0
-1.2251381874084473;-0.833082914352417;1.499999761581421;1.0
-3.1344189643859863;-2.634929895401001;1.4999998807907104;1.0
-1.2692146301269531;2.671016216278076;0.2973057627677917;6.0
-0.225100040435791;3.770334243774414;1.4999996423721311;1.0
1.9227097034454343;2.197545528411865;-0.698510468006134;5.0
-4.827413558959961;-4.239995956420898;1.500000238418579;1.0
-0.0272767543792724;4.929563522338867;-0.5024809837341309;2.0
1.0687105655670166;4.069520473480225;-1.5000001192092896;0.0
-1.2674741744995115;2.9736008644104004;1.2968136072158811;6.0
-1.243974685668945;4.929563522338867;-0.7967328429222107;2.0
-3.97981071472168;-3.493108034133911;-1.5000001192092896;0.0
0.4780871868133545;0.7643804550170898;-1.5;0.0
0.5876462459564209;0.8647313117980957;-1.5;0.0
-1.2715463638305664;2.265692710876465;-0.0002211034297943;6.0
0.582024335861206;0.8655500411987305;1.5;1.0
-2.7540178298950195;-2.23264479637146;1.5;1.0
-4.521595001220703;-3.9391796588897705;1.5;1.0
-4.926027297973633;-4.331978797912598;1.1920011043548584;2.0
-1.2784605026245115;1.064286708831787;-0.0045339465141296;6.0
-1.2801556587219238;0.7696456909179688;-0.1041979491710662;6.0
1.3686652183532717;2.568908214569092;-1.5;0.0
0.9756755828857422;4.929563522338867;-0.8005397915840149;2.0
-4.926027297973633;-4.331978797912598;0.9964809417724608;2.0
-4.925929069519043;-4.31556510925293;0.9056954383850098;2.0
-4.925930023193359;-4.315566062927246;0.3043287992477417;2.0
1.922709584236145;2.197545528411865;-0.8986092805862427;5.0
-1.2675127983093262;2.966819524765014;-1.300894260406494;6.0
-1.135693073272705;3.8670384883880615;1.4999998807907104;1.0
-4.926027297973633;-4.331977844238281;0.1993609070777893;2.0
-0.527461051940918;2.0683279037475586;1.4999998807907104;1.0
-0.8348164558410645;-0.4295747280120849;1.5;1.0
-1.2709660530090332;2.3666820526123047;-1.3012075424194336;6.0
-0.6386580467224121;4.929563522338867;-0.1013545989990234;2.0
-1.1244111061096191;4.672148704528809;1.5;1.0
-4.926026344299316;-4.331977844238281;0.0038402676582336;2.0
0.5693247318267822;1.7688257694244385;-1.5;0.0
-4.926026344299316;-4.331976890563965;-0.2067192494869232;2.0
-4.926027297973633;-4.331977844238281;-0.7030395269393921;2.0
-4.926026344299316;-4.331976890563965;-1.0940794944763184;2.0
-1.2709660530090332;2.3666820526123047;-0.898705244064331;6.0
-0.1370077133178711;3.968433380126953;-1.4999998807907104;0.0
-4.926026344299316;-4.331977844238281;-1.199359893798828;2.0
-1.270965576171875;2.3666818141937256;-0.7999778985977173;6.0
-1.0362706184387207;3.6679937839508057;1.500000238418579;1.0
-3.684581756591797;-3.18802809715271;-1.4999998807907104;0.0
-1.2726826667785645;2.06821346282959;0.5972863435745239;6.0
-3.239373207092285;-2.732433557510376;-1.5000001192092896;0.0
-1.3226823806762695;-0.9327003955841064;-1.5;0.0
-1.2397785186767578;-0.8278381824493408;-1.5000001192092896;0.0
0.2764549255371094;2.8740952014923096;-1.5;0.0
0.5522472858428955;1.6989588737487793;1.4999998807907104;1.0
0.8654294013977051;2.6702795028686523;-1.5;0.0
2.270456075668335;2.470653772354126;-1.5000001192092896;0.0
-4.212264060974121;-3.621296644210816;-1.5000001192092896;0.0
-0.430356502532959;1.0828380584716797;1.4999998807907104;1.0
-1.0354671478271484;2.0718014240264893;1.500000238418579;1.0
0.1672163009643554;4.929563522338867;-0.3991653323173523;2.0
-3.79372501373291;-3.233252763748169;-1.5;0.0
-2.3417787551879883;-1.8413207530975344;1.4999998807907104;1.0
1.9700831174850464;2.770347118377685;-1.5;0.0
-0.8363194465637207;4.929563522338867;-0.6005955934524536;2.0
-4.442435264587402;-3.819316148757935;-1.5;0.0
-4.925444602966309;-4.233698844909668;0.1977385878562927;2.0
-0.1372907161712646;2.467846393585205;-1.4999998807907104;0.0
-3.698652744293213;-3.131115674972534;-1.499999761581421;0.0
-1.2582907676696775;4.569481372833252;-1.198336839675903;6.0
1.9143011569976809;2.149226188659668;-0.3990516364574432;5.0
-3.160385131835937;-2.6330726146698;-1.5000001192092896;0.0
-2.8450493812561035;-2.3289129734039307;-1.5;0.0
-1.2784600257873535;1.0642869472503662;1.0991863012313845;6.0
-0.8457736968994141;-0.4309723377227783;-1.5;0.0
-0.7357964515686035;-0.3390610218048095;-1.5000001192092896;0.0
-0.5290098190307617;-0.1339876651763916;1.5;1.0
-0.23565673828125;2.967841148376465;-1.5000001192092896;0.0
-1.272092342376709;2.171060562133789;0.3008648157119751;6.0
-3.925530910491944;-3.326637029647827;1.5;1.0
-1.267512321472168;2.966819524765014;1.4007402658462524;6.0
-4.245989799499512;-3.622551202774048;1.4999998807907104;1.0
-3.606011867523194;-3.0315887928009038;-1.5000001192092896;0.0
-2.4191250801086426;-1.935612440109253;-1.5;0.0
-2.040870189666748;-1.5320203304290771;1.5;1.0
-1.2813100814819336;0.5689365863800049;-0.8992542028427124;6.0
-3.405264377593994;-2.819382429122925;1.5;1.0
-1.031022071838379;4.929563522338867;-1.4013042449951172;2.0
-4.925445556640625;-4.233698844909668;1.4881787300109863;2.0
-4.676497459411621;-4.067532539367676;-1.5;0.0
-2.057720184326172;-1.536552667617798;-1.5;0.0
-1.276717185974121;1.3672189712524414;-1.2988641262054443;6.0
-0.3302426338195801;2.0669798851013184;1.4999996423721311;1.0
1.5631442070007324;4.856175422668457;-1.4999998807907104;0.0
-0.2288975715637207;4.572165012359619;1.499999761581421;1.0
1.9143016338348389;2.1492271423339844;-1.4790372848510742;5.0
-0.5370430946350098;-0.1413013935089111;-1.5;0.0
-1.2720918655395508;2.171060562133789;-1.1016061305999756;6.0
0.0730583667755127;3.873399257659912;1.5;1.0
-1.2628965377807615;3.768943309783936;-0.4041903018951416;6.0
-0.834477424621582;2.371645927429199;1.500000238418579;1.0
1.2707362174987793;3.3712620735168457;-1.5;0.0
-0.3290820121765136;3.269106864929199;1.500000238418579;1.0
-0.4196105003356933;-0.0343930721282959;1.5;1.0
-1.265178680419922;3.372502088546753;-0.9016872644424438;6.0
-4.686052322387695;-4.028902053833008;-1.5;0.0
0.1726796627044677;3.0719544887542725;1.5;1.0
-2.564429759979248;-2.0224201679229736;-1.5000001192092896;0.0
-1.2715048789978027;2.272936582565308;-1.1979284286499023;6.0
-2.2328028678894043;-1.7298781871795654;-1.4999998807907104;0.0
-0.3156142234802246;0.0602831840515136;1.5;1.0
-0.5265893936157227;1.6736204624176023;1.500000238418579;1.0
-0.9207563400268556;4.929563522338867;-0.8014309406280518;2.0
1.8702540397644043;3.57008957862854;-1.4999998807907104;0.0
-1.243974208831787;4.929563522338867;-0.1032441258430481;2.0
-3.1114377975463867;-2.5234534740448;1.4999998807907104;1.0
-4.723491668701172;-4.031723976135254;1.500000238418579;1.0
-1.256556510925293;4.870924949645996;1.3005939722061155;6.0
-4.925444602966309;-4.233697891235352;1.2931115627288818;2.0
-4.925444602966309;-4.233697891235352;1.0980457067489624;2.0
-1.0310215950012207;4.929563522338867;-1.4777400493621826;2.0
-4.925444602966309;-4.233697891235352;0.9930096864700316;2.0
1.8889491558074951;2.0989558696746826;-0.5993587374687195;5.0
-4.141937255859375;-3.3643081188201904;-1.4999998807907104;0.0
-4.925445556640625;-4.233698844909668;0.902978777885437;2.0
-4.925445556640625;-4.233699798583984;0.7979433536529541;2.0
-1.2720913887023926;2.1710610389709477;-0.2969098091125488;6.0
-4.925444602966309;-4.233698844909668;0.6929076910018921;2.0
-0.6319775581359863;4.870029449462891;-1.5;0.0
-4.925444602966309;-4.233697891235352;0.6028766632080078;2.0
-4.925444602966309;-4.233697891235352;0.3027741312980652;2.0
-1.2726831436157229;2.0682132244110107;-0.796459436416626;6.0
1.973863959312439;2.371566772460937;-1.5;0.0
-4.925444602966309;-4.233697891235352;0.0927025079727172;2.0
-4.925444602966309;-4.233698844909668;-0.1023639142513275;2.0
1.0728254318237305;3.972245454788208;-1.5;0.0
1.9223301410675049;2.231057643890381;-0.299017071723938;5.0
-4.925445556640625;-4.233698844909668;-0.4024664759635925;2.0
-4.925444602966309;-4.233697891235352;-0.492496907711029;2.0
1.274454116821289;3.472352266311645;-1.5000001192092896;0.0
0.6677701473236084;3.171538829803467;-1.5;0.0
1.914300799369812;2.1492257118225098;0.2002284526824951;5.0
2.067677974700928;3.3675334453582764;-1.5;0.0
-1.2686543464660645;2.7682442665100098;0.7034900188446045;6.0
-4.925445556640625;-4.233697891235352;-0.5975324511528015;2.0
1.6835970878601074;2.404437780380249;-0.50171959400177;5.0
-4.925444602966309;-4.233698844909668;-1.0026705265045166;2.0
1.4556519985198977;4.929563522338867;0.3002720475196838;2.0
-0.4104337692260742;-0.0338401794433593;-1.4999998807907104;0.0
0.9849839210510254;1.2495286464691162;-1.5;0.0
-0.1223206520080566;4.874030113220215;-1.5;0.0
-0.2181310653686523;0.1564700603485107;1.5;1.0
-1.4203481674194336;-0.935772180557251;1.4999998807907104;1.0
0.6752872467041016;1.8715620040893557;-1.5;0.0
-1.2703900337219238;2.466725349426269;-0.7003102898597717;6.0
-2.8460187911987305;-2.231027364730835;1.5;1.0
-0.6252799034118652;2.270278215408325;1.5;1.0
1.9603238105773928;2.262935876846313;-1.5;0.0
-3.035571575164795;-2.428583860397339;1.4999998807907104;1.0
-4.202742576599121;-3.5230367183685303;1.4999998807907104;1.0
0.2674343585968017;2.969972848892212;1.4999998807907104;1.0
-0.234565258026123;3.669699430465698;1.500000238418579;1.0
-4.311129570007324;-3.6373932361602783;1.500000238418579;1.0
1.771204948425293;3.270580530166626;-1.5;0.0
-2.497565269470215;-1.867860555648804;1.4999996423721311;1.0
-1.2813105583190918;0.5689365863800049;0.6977639198303223;6.0
-0.0272765159606933;4.929563522338867;0.5992181301116943;2.0
-3.085855484008789;-2.525629758834839;-1.5;0.0
-3.0105137825012207;-2.4310123920440674;-1.5000001192092896;0.0
-0.2301692962646484;3.972426891326904;1.500000238418579;1.0
1.1965889930725098;1.4465887546539309;-1.5;0.0
0.4745314121246338;1.973067164421081;1.500000238418579;1.0
-1.2582907676696775;4.569481372833252;-1.4776713848114014;6.0
1.9223302602767944;2.231057643890381;-0.4984173476696014;5.0
0.3662400245666504;2.668346881866455;-1.4999998807907104;0.0
-0.1106495857238769;0.2541196346282959;1.500000238418579;1.0
-1.258291244506836;4.569481372833252;-0.8031802773475647;6.0
-4.431833267211914;-3.717584371566773;1.500000238418579;1.0
-0.241431713104248;2.467625617980957;-1.5000001192092896;0.0
-1.0198373794555664;2.579854726791382;-1.5;0.0
1.0706424713134766;4.929563522338867;-1.4774272441864014;2.0
-1.2784600257873535;1.064287185668945;-1.3982831239700315;6.0
-3.347064018249512;-2.726003408432007;-1.500000238418579;0.0
-1.94459867477417;-1.4227101802825928;-1.5;0.0
-1.2932515144348145;-0.8297374248504639;-1.5000001192092896;0.0
0.5068283081054688;0.8333709239959717;-1.5000001192092896;0.0
-3.85006332397461;-3.129057645797729;1.5;1.0
-4.236332893371582;-3.5239593982696533;-1.4999998807907104;0.0
-4.127101898193359;-3.4243152141571045;-1.5000001192092896;0.0
-4.02079963684082;-3.327343225479126;-1.5;0.0
-3.265810966491699;-2.625514268875122;-1.4999998807907104;0.0
-4.515205383300781;-3.6706368923187256;1.500000238418579;1.0
-0.1327786445617675;3.0691380500793457;1.500000238418579;1.0
-2.5027804374694824;-1.9308669567108157;-1.5;0.0
-0.1845703125;0.2237663269042968;1.4999998807907104;1.0
-0.677370548248291;0.8941481113433838;-1.5;0.0
-1.6244020462036133;-1.1312096118927002;-1.5;0.0
-0.1041243076324462;0.2600479125976562;-1.4999998807907104;0.0
1.2957022190093994;1.541076898574829;-1.4999998807907104;0.0
0.3684256076812744;4.069979190826416;-1.5000001192092896;0.0
-4.799213409423828;-4.037440299987793;1.4999996423721311;1.0
-1.015538215637207;-0.5501725673675537;1.500000238418579;1.0
-1.2686548233032229;2.7682442665100098;-1.3010843992233276;6.0
-0.2303733825683593;4.929563522338867;-1.100816249847412;2.0
-4.499678611755371;-3.733416795730591;1.4999998807907104;1.0
-1.2761306762695312;1.4690070152282717;0.9994745254516602;6.0
-4.573473930358887;-3.8781774044036874;-1.5;0.0
-1.5274591445922852;-1.0330851078033447;-1.5000001192092896;0.0
-0.8372716903686523;2.169844627380371;1.5;1.0
-2.5245652198791504;-1.9272687435150144;1.4999996423721311;1.0
-3.723985195159912;-3.0286805629730225;-1.4999998807907104;0.0
-1.2078208923339844;-0.7426865100860596;-1.5;0.0
-0.8865303993225098;-0.4507858753204345;-1.5;0.0
0.1661703586578369;1.5684869289398191;1.5;1.0
0.472135066986084;1.6745965480804443;-1.5;0.0
0.5671999454498291;3.071751117706299;-1.499999761581421;0.0
-3.292569160461426;-2.6235945224761963;1.500000238418579;1.0
-0.8994541168212891;-0.4451382160186767;1.5;1.0
-3.5146632194519043;-2.824960470199585;1.5;1.0
-4.92486572265625;-4.135883331298828;1.468608260154724;2.0
-4.924769401550293;-4.119621276855469;1.3032382726669312;2.0
-1.2720918655395508;2.171060800552368;-0.7030894160270691;6.0
0.5736141204833984;4.669240951538086;-1.5;0.0
-4.924866676330566;-4.135883331298828;1.199141025543213;2.0
1.4556522369384766;4.929563522338867;-0.700428307056427;2.0
-4.924769401550293;-4.119621276855469;1.0039459466934204;2.0
-4.92486572265625;-4.135882377624512;0.8997327089309692;2.0
-4.92486572265625;-4.135882377624512;0.4955318570137024;2.0
-4.924769401550293;-4.119621276855469;0.4053607583045959;2.0
-4.92486572265625;-4.135882377624512;0.3009167313575744;2.0
-4.924866676330566;-4.135883331298828;0.1961243152618408;2.0
-0.922029972076416;1.5738580226898191;-1.5;0.0
1.908666491508484;2.283663749694824;-0.0013543665409088;5.0
-1.2778582572937012;1.1688389778137207;-0.5040090680122375;6.0
0.1729350090026855;3.3717987537384038;-1.5000001192092896;0.0
1.4556519985198977;4.929563522338867;0.1993368864059448;2.0
-4.924864768981934;-4.135882377624512;0.0913311243057251;2.0
-4.92486572265625;-4.135882377624512;-0.2978991270065307;2.0
-4.62257194519043;-3.829467535018921;1.500000238418579;1.0
-4.924864768981934;-4.135881423950195;-0.5973067879676819;2.0
1.777116060256958;2.401787757873535;-1.4779460430145264;5.0
1.0686240196228027;2.768883228302002;-1.5;0.0
0.6775188446044922;3.0708510875701904;-1.5;0.0
-1.2778582572937012;1.1688387393951416;0.4021676778793335;6.0
-4.92486572265625;-4.135882377624512;-0.7020998597145081;2.0
-0.7322478294372559;3.8671045303344727;1.5;1.0
1.777116060256958;2.401787757873535;0.5011124610900879;5.0
-0.7285056114196777;4.571204662322998;1.499999761581421;1.0
-4.92486572265625;-4.135882377624512;-1.0015075206756592;2.0
0.3706851005554199;2.6698150634765625;1.4999998807907104;1.0
-4.92486572265625;-4.135882377624512;-1.0913301706314087;2.0
1.4727792739868164;4.371109485626221;-1.5;0.0
-4.92486572265625;-4.135882377624512;-1.3009161949157717;2.0
-1.0200300216674805;2.2798380851745605;-1.5;0.0
-4.840742111206055;-4.027275085449219;-1.5;0.0
-3.63101863861084;-2.9304559230804443;-1.5;0.0
0.2950258255004883;0.6421205997467041;1.4999998807907104;1.0
0.0791771411895752;4.929563522338867;-0.0980820655822753;2.0
-0.9256057739257812;1.4698209762573242;1.500000238418579;1.0
-0.8086357116699219;-0.3544490337371826;1.4999998807907104;1.0
-3.2074642181396484;-2.5464327335357666;1.4999998807907104;1.0
0.6292736530303955;2.148589611053467;1.5000004768371582;1.0
-2.4424538612365723;-1.8412706851959229;-1.5;0.0
-4.749058723449707;-3.9283254146575928;1.5;1.0
-1.273237705230713;1.971832275390625;-1.0994189977645874;6.0
-3.189122200012207;-2.516868829727173;-1.5000001192092896;0.0
-2.184432983398437;-1.6188809871673584;-1.4999998807907104;0.0
-1.1289548873901367;-0.643686056137085;-1.5;0.0
-1.2675127983093262;2.966819524765014;-0.5996501445770264;6.0
0.378065824508667;3.770550489425659;-1.5;0.0
-0.7022562026977539;-0.2583916187286377;1.4999996423721311;1.0
1.870538592338562;3.269572496414185;-1.5;0.0
0.5664925575256348;4.929563522338867;-0.5020648837089539;2.0
-1.911050796508789;-1.3498928546905518;1.500000238418579;1.0
-1.140237808227539;3.0667471885681152;-1.5;0.0
-4.112082004547119;-3.351978540420532;1.499999761581421;1.0
-3.452007293701172;-2.741324186325073;-1.5;0.0
0.6661157608032227;2.471683979034424;-1.5000001192092896;0.0
-2.125969886779785;-1.5549099445343018;-1.5;0.0
-1.6963372230529783;-1.1560137271881104;1.5;1.0
-4.009255886077881;-3.2445013523101807;1.5;1.0
-3.028370857238769;-2.358794927597046;-1.5000001192092896;0.0
0.6142544746398926;0.930372953414917;-1.5;0.0
0.6087288856506348;0.9312725067138672;1.500000238418579;1.0
-1.2669305801391602;3.068065643310547;0.296998381614685;6.0
-2.7078113555908203;-2.057317018508911;1.5;1.0
-2.820765972137451;-2.1468818187713623;1.5;1.0
-3.8059582710266113;-3.0609304904937744;1.4999998807907104;1.0
-4.366924285888672;-3.552370309829712;-1.4999998807907104;0.0
-3.363120079040528;-2.661062479019165;-1.5;0.0
-1.2565560340881348;4.870924949645996;0.8982268571853638;6.0
1.7701756954193115;2.471884727478028;-1.5;0.0
0.6742560863494873;2.370786190032959;-1.499999761581421;0.0
-1.1461129188537598;1.6643075942993164;-1.5;0.0
-1.485238552093506;-0.9653985500335692;-1.5;0.0
-0.8143658638000488;0.9801733493804932;-1.5;0.0
-1.1429719924926758;3.370103597640991;-1.5;0.0
-0.382206916809082;0.0383238792419433;1.500000238418579;1.0
-1.3818559646606443;-0.8624765872955322;1.5;1.0
-1.4991817474365234;-0.9682009220123292;1.499999761581421;1.0
-0.9310698509216307;0.9627995491027832;-1.5;0.0
-4.924385070800781;-4.0547075271606445;-1.4039652347564695;2.0
-3.711037635803223;-2.9613401889801025;1.5;1.0
-4.924385070800781;-4.0547075271606445;1.479761242866516;2.0
-4.924385070800781;-4.054708480834961;1.1958707571029663;2.0
-1.2801547050476074;0.7696459293365479;-1.099822759628296;6.0
-1.2715048789978027;2.2729363441467285;-1.4801511764526367;6.0
-4.924386024475098;-4.054708480834961;0.4039669036865234;2.0
-4.924385070800781;-4.054708480834961;0.0005434155464172;2.0
-1.1109399795532229;1.178006887435913;-1.5;0.0
-1.2709660530090332;2.3666820526123047;-1.1037535667419434;6.0
-4.924386024475098;-4.054708480834961;-0.1936971545219421;2.0
-0.9224200248718262;3.174037456512451;-1.499999761581421;0.0
-4.924385070800781;-4.054708480834961;-1.4786733388900757;2.0
-4.601720809936523;-3.763949632644653;-1.5;0.0
-4.482659339904785;-3.656660795211792;-1.5000001192092896;0.0
-1.2744054794311523;1.768895387649536;0.0971916913986206;6.0
-3.934648513793945;-3.1628401279449463;-1.5;0.0
-0.6106224060058594;-0.1675045490264892;-1.5;0.0
0.7137269973754883;1.025887966156006;-1.499999761581421;0.0
-1.2692146301269531;2.671016216278076;-1.2973052263259888;6.0
0.8196127414703369;1.1213035583496094;1.4999998807907104;1.0
-1.032855987548828;0.862236738204956;-1.5000001192092896;0.0
0.266972541809082;2.772045135498047;1.5;1.0
-0.28021240234375;0.1302328109741211;1.499999761581421;1.0
-1.276717185974121;1.3672192096710205;-0.0985801815986633;6.0
-4.282221794128418;-3.476043462753296;1.5;1.0
-4.398608207702637;-3.5657846927642822;1.4999998807907104;1.0
-1.278414249420166;1.0723636150360107;0.3013219833374023;6.0
-1.2726836204528809;2.068212985992432;-1.296976089477539;6.0
-4.724262237548828;-3.8743741512298575;-1.5;0.0
-2.3810925483703613;-1.7629053592681885;-1.5;0.0
1.818037867546081;2.021000862121582;-1.499999761581421;0.0
2.056962251663208;3.467475891113281;-1.4999998807907104;0.0
-0.4651932716369629;1.0178930759429932;1.4999998807907104;1.0
-1.185136318206787;-0.6760108470916748;1.5;1.0
-1.2935757637023926;-0.7735269069671631;1.500000238418579;1.0
-1.277857780456543;1.1688389778137207;1.3965566158294678;6.0
-4.635169982910156;-3.778517007827759;1.5000004768371582;1.0
-3.2816734313964844;-2.561361074447632;-1.499999761581421;0.0
-1.2744054794311523;1.768895149230957;-0.6990631818771362;6.0
1.8889479637146;2.0989537239074707;0.7004523277282715;5.0
1.88894784450531;2.0989537239074707;0.4984767436981201;5.0
1.8889491558074951;2.0989558696746826;-0.4006409347057342;5.0
1.888949632644653;2.09895658493042;-0.7980765104293823;5.0
-0.0605030059814453;4.86534309387207;1.5;1.0
1.8889491558074951;2.0989561080932617;-1.1010398864746094;5.0
-1.276716232299805;1.3672194480895996;-0.901419162750244;6.0
1.888949275016785;2.0989558696746826;-1.1987700462341309;5.0
1.8889493942260744;2.0989561080932617;-1.4007456302642822;5.0
1.9143011569976809;2.149226188659668;0.700162410736084;5.0
-1.270390510559082;2.466725349426269;0.1991986632347107;6.0
1.9143011569976809;2.149226188659668;0.6008164882659912;5.0
-1.2588586807250977;4.47074556350708;0.7018358707427979;6.0
-1.2813100814819336;0.5689363479614258;0.1956084966659546;6.0
1.914300799369812;2.1492257118225098;0.3989202976226806;5.0
-1.2530136108398438;2.471301555633545;1.5;1.0
-1.266352653503418;3.168331384658813;-0.7010255455970764;6.0
1.9143010377883911;2.149226188659668;0.2995742559432983;5.0
1.9143009185791016;2.149225950241089;0.1008825302124023;5.0
1.9143009185791016;2.149226188659668;-0.1010140180587768;5.0
1.9143009185791016;2.1492257118225098;-0.5016023516654968;5.0
1.9143011569976809;2.149226188659668;-0.6009480357170105;5.0
1.1669862270355225;2.371111869812012;-1.5;0.0
0.0664236545562744;1.872323989868164;1.5;1.0
-1.2582907676696775;4.569481372833252;0.4981115460395813;6.0
-1.260012149810791;4.270197868347168;-0.3996713757514953;6.0
1.9143011569976809;2.149226188659668;-0.898985743522644;5.0
1.9143010377883911;2.149226188659668;-1.1008822917938232;5.0
1.922709584236145;2.197545289993286;0.7593517303466797;5.0
1.9227099418640137;2.1975457668304443;0.6990042924880981;5.0
1.367142677307129;2.2716314792633057;-1.5;0.0
1.9227097034454343;2.197545528411865;0.6005432605743408;5.0
1.9227097034454343;2.197545528411865;0.4989057183265686;5.0
-0.9609746932983398;0.7018437385559082;1.5;1.0
-1.2720913887023926;2.1710610389709477;0.5001226663589478;6.0
1.9227097034454343;2.197545528411865;0.2988070845603943;5.0
-0.0280261039733886;4.567800045013428;-1.5;0.0
-1.2720918655395508;2.171060800552368;-0.8027187585830688;6.0
0.3715105056762695;2.9707579612731934;1.5000004768371582;1.0
1.922709822654724;2.197545528411865;-0.1998518407344818;5.0
-0.2287263870239257;2.170046806335449;1.500000238418579;1.0
-0.7263545989990234;2.872634172439575;1.5;1.0
1.9227097034454343;2.197545528411865;-0.3014892935752868;5.0
0.2673454284667969;1.8702229261398315;1.499999761581421;1.0
1.922709584236145;2.197545289993286;-1.200345516204834;5.0
1.9223301410675049;2.231057643890381;0.4985844492912292;5.0
1.9223302602767944;2.231057643890381;0.4004667997360229;5.0
0.9668760299682616;2.8708295822143555;-1.5000001192092896;0.0
1.8728026151657104;2.672003030776977;-1.4999998807907104;0.0
-1.0148472785949707;3.2752530574798584;-1.5;0.0
1.9223302602767944;2.231057643890381;0.2991841435432434;5.0
-0.8363189697265625;4.929563522338867;-1.198073148727417;2.0
1.922330498695373;2.23105788230896;-0.4002996981143951;5.0
-1.260599136352539;4.16835355758667;0.6997942924499512;6.0
1.922330379486084;2.231057643890381;-1.0016658306121826;5.0
1.9223302602767944;2.231057643890381;-1.099783420562744;5.0
1.922330379486084;2.231057643890381;-1.201066255569458;5.0
1.9223300218582156;2.231057643890381;-1.4004666805267334;5.0
0.7781832218170166;4.929563522338867;-0.2987395823001861;2.0
1.90765392780304;2.286197662353516;0.7587016820907593;5.0
1.9086662530899048;2.283663749694824;0.7014983892440796;5.0
1.9086663722991943;2.283663749694824;0.6001863479614258;5.0
1.9086666107177732;2.2836642265319824;0.4988741874694824;5.0
1.9086666107177732;2.2836639881134038;0.4007279872894287;5.0
-1.2594327926635742;4.370989799499512;0.9971503019332886;6.0
1.908666491508484;2.2836639881134038;0.2994160056114197;5.0
1.9086666107177732;2.2836642265319824;0.2012698650360107;5.0
-1.1371207237243652;3.769716024398804;-1.5000001192092896;0.0
1.908666491508484;2.2836642265319824;0.0999577641487121;5.0
1.9086663722991943;2.283663749694824;-0.0995004475116729;5.0
0.7762558460235596;2.6715660095214844;-1.5;0.0
-1.277857780456543;1.1688389778137207;0.6026490926742554;6.0
0.7699766159057617;4.929563522338867;0.7976987361907959;2.0
1.9086666107177732;2.2836639881134038;-0.2989587485790252;5.0
-1.2778582572937012;1.1688389778137207;-0.3997589349746704;6.0
1.908666491508484;2.2836639881134038;-0.4002707600593567;5.0
1.908666491508484;2.2836639881134038;-0.5997288823127747;5.0
1.2710487842559814;2.5704421997070312;-1.5;0.0
-1.2778582572937012;1.1688387393951416;0.4983989000320434;6.0
1.9086663722991943;2.283663749694824;-0.9004993438720703;5.0
1.908666491508484;2.283663749694824;-0.9986454248428344;5.0
0.1732356548309326;3.2716190814971924;1.499999761581421;1.0
0.8730201721191406;4.929563522338867;-1.1013450622558594;2.0
0.0747408866882324;2.872953176498413;1.5;1.0
1.908666491508484;2.2836642265319824;-1.0999575853347778;5.0
-1.2772631645202637;1.2724318504333496;0.7971601486206055;6.0
1.9086663722991943;2.283663749694824;-1.2994158267974854;5.0
-0.7351870536804199;4.929563522338867;-0.300508975982666;2.0
1.8592818975448608;2.3559558391571045;-1.4839173555374146;5.0
-0.4358892440795898;1.471736192703247;-1.5;0.0
2.2548046112060547;2.667409658432007;-1.5;0.0
1.8592822551727293;2.355956077575684;0.6989989280700684;5.0
0.8753945827484131;4.170441150665283;-1.500000238418579;0.0
1.85928213596344;2.3559558391571045;0.5994836091995239;5.0
-1.2737975120544434;1.8745923042297363;0.102092444896698;6.0
-1.134227275848389;2.072476387023926;1.500000238418579;1.0
1.3719525337219238;4.669931888580322;-1.5000001192092896;0.0
1.8592820167541504;2.3559558391571045;0.4004532098770141;5.0
0.9756765365600586;4.929563522338867;-1.0993013381958008;2.0
1.8611738681793213;2.3540163040161133;0.2009898424148559;5.0
-1.2738404273986816;1.8670746088027956;0.4986506104469299;6.0
-1.2744064331054688;1.768894910812378;1.400864601135254;6.0
1.274146318435669;4.929563522338867;-1.3991212844848633;2.0
-1.2640266418457031;3.572667360305786;1.4027376174926758;6.0
1.8592820167541504;2.3559558391571045;0.0986970663070678;5.0
1.8592822551727293;2.355956077575684;-0.0008183419704437;5.0
-1.249786376953125;0.877781867980957;1.4999998807907104;1.0
0.0779123306274414;2.475801467895508;-1.5;0.0
1.85928213596344;2.3559558391571045;-0.1003336310386657;5.0
1.8592818975448608;2.3559558391571045;-0.1998489499092102;5.0
-1.2715468406677246;2.2656924724578857;0.8009507656097412;6.0
1.85928213596344;2.355956077575684;-0.2993641495704651;5.0
-1.2738409042358398;1.8670744895935056;-0.4028547704219818;6.0
1.8592818975448608;2.3559558391571045;-0.3988794684410095;5.0
1.8592818975448608;2.3559558391571045;-0.6011201739311218;5.0
-1.2715473175048828;2.265692234039306;0.3965497612953186;6.0
-1.2749762535095217;1.6698317527770996;0.7977790832519531;6.0
1.474524736404419;4.171660423278809;-1.5;0.0
1.8592818975448608;2.3559558391571045;-0.8001508712768555;5.0
1.85928213596344;2.3559558391571045;-0.8996661305427551;5.0
1.8592820167541504;2.3559558391571045;-1.0986968278884888;5.0
0.9686081409454346;4.929563522338867;-0.5017830729484558;2.0
1.8611738681793213;2.3540163040161133;-1.2009896039962769;5.0
1.972760796546936;3.371544599533081;-1.5000001192092896;0.0
1.8592822551727293;2.355956077575684;-1.300937533378601;5.0
0.0767173767089843;2.572714328765869;-1.5000001192092896;0.0
1.9692639112472532;2.469642877578736;-1.500000238418579;0.0
2.072298526763916;2.571420669555664;-1.5;0.0
-0.6308984756469727;4.069550514221191;1.500000238418579;1.0
2.171838998794556;2.670163631439209;-1.5;0.0
1.9701935052871704;2.5696396827697754;-1.499999761581421;0.0
1.6835978031158447;2.404438018798828;-0.3985306024551391;5.0
1.777116060256958;2.401787519454956;0.6003965139389038;5.0
1.777116298675537;2.401787757873535;0.3985190391540527;5.0
1.0750250816345217;3.271936416625977;-1.5;0.0
1.7771165370941162;2.401787757873535;0.0013835430145263;5.0
1.777116298675537;2.401787757873535;-0.2004935145378112;5.0
0.4688847064971924;1.7711286544799805;-1.5;0.0
-0.9209890365600586;2.472424030303955;-1.499999761581421;0.0
-0.6189980506896973;2.9666566848754883;-1.4999998807907104;0.0
1.777116060256958;2.401787757873535;-0.2997773885726928;5.0
1.777116298675537;2.401787757873535;-0.7995061278343201;5.0
1.777116060256958;2.401787757873535;-1.1006672382354736;5.0
0.8745038509368896;2.9740304946899414;-1.5000001192092896;0.0
2.2444064617156982;2.765213966369629;-1.5;0.0
2.0707931518554688;2.669332265853882;-1.5;0.0
2.1719212532043457;2.7707860469818115;-1.5000001192092896;0.0
1.6686608791351318;2.4016592502593994;0.8655766248703003;5.0
1.6835973262786863;2.404437780380249;0.7984632253646851;5.0
1.6835970878601074;2.404437780380249;0.6987137794494629;5.0
1.6835970878601074;2.40443754196167;0.5989643335342407;5.0
1.6835970878601074;2.404437780380249;0.3994653820991516;5.0
0.2622964382171631;2.770681381225586;-1.5;0.0
-1.273238182067871;1.971832036972046;-0.6972276568412781;6.0
-1.1250033378601074;2.0757107734680176;-1.5;0.0
1.6835973262786863;2.404437780380249;-0.0992821156978607;5.0
1.6835968494415283;2.40443754196167;-0.2987810373306274;5.0
1.6835978031158447;2.404438018798828;-0.6014690399169922;5.0
1.6835973262786863;2.404438018798828;-0.7012185454368591;5.0
1.6835970878601074;2.404437780380249;-1.00046706199646;5.0
1.6835970878601074;2.404437780380249;-1.1999660730361938;5.0
-0.342343807220459;1.9679583311080933;-1.5000001192092896;0.0
1.4556519985198977;4.929563522338867;-0.8994147777557373;2.0
-0.4292292594909668;2.670466899871826;-1.5000001192092896;0.0
1.67346453666687;2.471679210662842;-1.500000238418579;0.0
1.970458984375;2.6698765754699707;-1.499999761581421;0.0
-1.2600135803222656;4.270198345184326;1.3993210792541504;6.0
0.5735287666320801;1.771475315093994;1.4999998807907104;1.0
-1.266930103302002;3.068065643310547;0.5026750564575195;6.0
0.4664783477783203;1.6764914989471436;1.4999998807907104;1.0
0.1640834808349609;1.4773948192596436;1.4999998807907104;1.0
0.266524076461792;3.0715909004211426;-1.5000001192092896;0.0
-0.0324318408966064;2.4699950218200684;1.5;1.0
0.6762850284576416;4.929563522338867;0.0984436869621276;2.0
-0.4257926940917969;2.570037841796875;1.5;1.0
0.0579445362091064;1.3908443450927734;1.5;1.0
-0.6340045928955078;1.8723564147949217;-1.5;0.0
-1.031022071838379;4.929563522338867;-0.1018968820571899;2.0
-0.0312259197235107;1.3713748455047607;1.5;1.0
-0.9237632751464844;0.9748783111572266;1.500000238418579;1.0
-0.1354250907897949;1.2791447639465332;1.4999994039535522;1.0
-0.7316627502441406;1.670724630355835;1.4999998807907104;1.0
-0.1777291297912597;1.2123632431030271;1.4999998807907104;1.0
-0.2472167015075683;1.187253713607788;1.5;1.0
-0.3219366073608398;1.173088550567627;1.5;1.0
-0.4244232177734375;3.0717008113861084;1.4999998807907104;1.0
-0.3532657623291015;1.1048576831817627;1.5;1.0
-0.6198811531066895;4.929563522338867;-1.001121163368225;2.0
-0.5464363098144531;0.9937171936035156;1.500000238418579;1.0
-0.7398090362548828;0.8761811256408691;1.500000238418579;1.0
-1.0425395965576172;0.6808772087097168;1.500000238418579;1.0
0.0791773796081543;4.929563522338867;-0.1991632282733917;2.0
-1.2537822723388672;0.5109913349151611;1.5;1.0
0.8695342540740967;3.3693978786468506;-1.5000001192092896;0.0
-1.2816996574401855;0.501251220703125;1.4773263931274414;6.0
-1.26289701461792;3.768943309783936;-0.6951669454574585;6.0
-1.2793970108032229;0.9015355110168456;-0.6987948417663574;6.0
-1.2816996574401855;0.5012514591217041;1.403022050857544;6.0
-1.2816996574401855;0.5012516975402832;1.303949236869812;6.0
-1.2816996574401855;0.5012514591217041;1.2048765420913696;6.0
-1.277261734008789;1.272432565689087;-0.5997811555862427;6.0
-1.2816991806030271;0.5012516975402832;1.1058037281036377;6.0
2.171436309814453;2.8710861206054688;-1.5;0.0
-1.2816996574401855;0.5012516975402832;1.0067309141159058;6.0
-1.2816987037658691;0.5012519359588623;0.8994022607803345;6.0
-1.2816996574401855;0.5012514591217041;0.8003295660018921;6.0
-1.2816996574401855;0.5012538433074951;0.5031112432479858;6.0
-1.2793965339660645;0.9015355110168456;0.1937540173530578;6.0
-1.2816991806030271;0.5012543201446533;0.4040384888648987;6.0
0.4723694324493408;2.4691362380981445;-1.4999998807907104;0.0
-1.2816996574401855;0.501253604888916;0.1068206429481506;6.0
-0.3274750709533691;2.5693819522857666;1.5;1.0
-1.2816996574401855;0.501253604888916;-0.0005080699920654;6.0
1.0706422328948977;4.929563522338867;-0.3990046083927154;2.0
-1.2817001342773438;0.5012533664703369;-0.099580705165863;6.0
0.4784009456634521;4.929563522338867;-0.5999630093574524;2.0
-0.4239544868469238;4.929563522338867;-1.4795629978179932;2.0
-0.9197044372558594;4.768031597137451;-1.4999998807907104;0.0
-0.2314176559448242;2.6666550636291504;1.5;1.0
-1.2816996574401855;0.5012538433074951;-0.2977263331413269;6.0
-1.2816991806030271;0.5012543201446533;-0.3967990279197693;6.0
-1.2697792053222656;2.5728836059570312;-0.7970888614654541;6.0
-1.2816996574401855;0.5012540817260742;-0.6032004356384277;6.0
-0.2267985343933105;2.2725155353546143;1.5;1.0
-1.2817001342773438;0.5012533664703369;-0.9004186987876892;6.0
-1.2816996574401855;0.501253604888916;-0.9994910955429076;6.0
-1.270924091339111;2.3738579750061035;0.4983273148536682;6.0
-1.2816996574401855;0.501253604888916;-1.3049654960632324;6.0
-1.2674736976623535;2.9736011028289795;-0.7988536357879639;6.0
-1.2817001342773438;0.501253604888916;-1.404038429260254;6.0
-1.2709665298461914;2.3666815757751465;-0.7012506723403931;6.0
-0.7420392036437988;2.9679524898529053;-1.5000001192092896;0.0
-1.2641682624816897;0.5042216777801514;-1.5;0.0
-1.274975299835205;1.6698322296142578;-1.3037598133087158;6.0
-1.2317934036254885;0.5671298503875732;-1.5;0.0
-1.1458311080932615;0.5978090763092041;-1.5;0.0
-1.031351089477539;0.6800723075866699;-1.5;0.0
0.3752214908599853;2.170609951019287;1.500000238418579;1.0
1.475266695022583;3.170269012451172;-1.5;0.0
-0.8476824760437012;0.7911491394042969;-1.5000001192092896;0.0
-0.7738199234008789;0.8162147998809814;-1.5;0.0
-0.7497806549072266;0.8772947788238525;-1.5;0.0
-0.520543098449707;0.9961071014404296;-1.5;0.0
-0.4376144409179687;1.07816743850708;-1.5;0.0
-0.3448185920715332;1.103454351425171;-1.5000001192092896;0.0
-1.279679775238037;0.8522548675537109;-0.3007766604423523;6.0
-0.3288183212280273;1.1686944961547852;-1.5;0.0
-0.2405962944030761;1.191535472869873;-1.5;0.0
-0.7236733436584473;1.674485206604004;-1.5;0.0
-1.2738404273986816;1.8670746088027956;-0.4961139261722564;6.0
-0.1571805477142334;1.2191691398620603;-1.5;0.0
-0.0272772312164306;4.929563522338867;-0.7009854912757874;2.0
-1.257138729095459;4.769614219665527;-0.5033705830574036;6.0
-0.1417016983032226;1.2751164436340332;-1.5;0.0
-0.0239596366882324;1.369671106338501;-1.5;0.0
-1.2778582572937012;1.1688387393951416;0.2979172468185425;6.0
0.123159646987915;1.4145996570587158;-1.5;0.0
-0.125990629196167;4.929563522338867;-1.0024468898773191;2.0
0.0688591003417968;4.4688920974731445;-1.5000001192092896;0.0
0.5468201637268066;1.7008399963378906;-1.4999998807907104;0.0
0.6602139472961426;1.7845971584320068;-1.5000001192092896;0.0
1.0692753791809082;2.0749053955078125;-1.4999998807907104;0.0
1.1583802700042725;2.096399307250977;-1.5;0.0
-0.7244882583618164;1.5691540241241455;1.5;1.0
1.2629642486572266;2.1808528900146484;-1.5;0.0
1.337996244430542;2.2084920406341557;-1.5;0.0
1.456597089767456;2.2970528602600098;-1.5;0.0
1.5210707187652588;2.319641590118408;-1.5000001192092896;0.0
1.5632538795471191;2.380476951599121;-1.5000001192092896;0.0
0.8710000514984131;1.9734126329422;-1.5;0.0
-0.5297951698303223;1.06899094581604;1.5;1.0
-1.2744059562683103;1.768895149230957;0.3001587986946106;6.0
-0.8362975120544434;0.8676638603210449;1.5;1.0
-0.2356715202331543;4.367420673370361;-1.5;0.0
-1.1301908493041992;0.6733267307281494;1.500000238418579;1.0
-1.2657814025878906;3.2676329612731934;-0.794629693031311;6.0
1.4689745903015137;2.3702402114868164;-1.5000001192092896;0.0
-0.2219948768615722;1.270115852355957;1.500000238418579;1.0
-1.1203889846801758;0.6795542240142822;-1.5;0.0
-1.279632568359375;0.8604841232299805;-1.3006706237792969;6.0
2.0419840812683105;3.5653085708618164;-1.5000001192092896;0.0
-0.2299551963806152;1.271742820739746;-1.4999998807907104;0.0
-1.2813096046447754;0.5689365863800049;1.4715758562088013;6.0
-0.5283150672912598;3.071166515350342;-1.5;0.0
-1.2813105583190918;0.5689363479614258;1.2987033128738403;6.0
-1.2813100814819336;0.5689363479614258;1.1999186277389526;6.0
-1.2784137725830078;1.0723638534545898;-1.3013213872909546;6.0
-1.2680621147155762;2.871426820755005;0.8013944625854492;6.0
0.9681510925292968;3.469578266143799;-1.5;0.0
-1.281261920928955;0.5773687362670898;1.100553274154663;6.0
-1.2720913887023926;2.171060800552368;0.1016066074371337;6.0
-1.2812614440917969;0.577368974685669;1.001804232597351;6.0
-1.281261920928955;0.5773682594299316;0.903056025505066;6.0
-1.28131103515625;0.5689361095428467;0.7965483665466309;6.0
-1.2761316299438477;1.4690067768096924;-0.1953572332859039;6.0
-1.2813100814819336;0.5689365863800049;0.5989789962768555;6.0
-1.268061637878418;2.871426820755005;-1.4009647369384766;6.0
-1.2813105583190918;0.5689361095428467;0.5001941919326782;6.0
-0.1299774646759033;1.770709753036499;1.500000238418579;1.0
-1.2813100814819336;0.5689361095428467;0.2943931221961975;6.0
-1.28131103515625;0.5689358711242676;-0.0019605457782745;6.0
1.3750653266906738;2.371652126312256;-1.5;0.0
-1.2813096046447754;0.5689363479614258;-0.3065466284751892;6.0
0.8730201721191406;4.929563522338867;0.2012614607810974;2.0
-1.2813100814819336;0.5689363479614258;-0.4958836734294891;6.0
-1.2715039253234863;2.2729368209838867;1.0979901552200315;6.0
-1.2680606842041016;2.871427059173584;-0.8003213405609131;6.0
0.5638632774353027;2.4671287536621094;-1.5;0.0
-1.2813105583190918;0.5689361095428467;-0.5946682691574097;6.0
-0.23040771484375;3.072700262069702;1.4999998807907104;1.0
-1.2813105583190918;0.5689358711242676;-0.6934530735015869;6.0
-1.281261920928955;0.5773687362670898;-0.8003604412078857;6.0
-1.2813105583190918;0.5689363479614258;-0.9980385303497314;6.0
0.367156982421875;2.96970272064209;-1.500000238418579;0.0
-0.6280393600463867;3.271242618560791;1.4999998807907104;1.0
-1.28131103515625;0.5689358711242676;-1.0968234539031982;6.0
-1.2812614440917969;0.5773704051971436;-1.401081919670105;6.0
-1.2761311531066897;1.4690067768096924;0.3981022834777832;6.0
-1.281261920928955;0.5773696899414062;-1.4751431941986084;6.0
-1.277857780456543;1.1688389778137207;-0.9049727916717528;6.0
0.0827817916870117;1.4744415283203125;-1.5;0.0
-1.2680606842041016;2.871427059173584;-0.600106954574585;6.0
-1.0218501091003418;0.7739758491516113;1.5;1.0
0.3668723106384277;1.6694772243499756;-1.5;0.0
0.1672163009643554;4.929563522338867;-0.5023446679115295;2.0
2.073484420776367;2.770373821258545;-1.499999761581421;0.0
0.6623644828796387;1.8687090873718264;1.4999998807907104;1.0
-1.2801556587219238;0.7696459293365479;-0.6999409198760986;6.0
-1.0518817901611328;0.7630934715270996;-1.5;0.0
-1.243974208831787;4.929563522338867;-0.5033336281776428;2.0
-0.1298863887786865;1.3734071254730225;1.5;1.0
0.9695188999176024;2.072133302688598;-1.5000001192092896;0.0
-0.8250851631164551;2.473273515701294;1.499999761581421;1.0
0.7650227546691895;2.2717599868774414;-1.4999998807907104;0.0
-1.2588586807250977;4.47074556350708;-1.297798991203308;6.0
-0.9184598922729492;0.8700249195098877;1.5;1.0
0.8731858730316162;4.572596549987793;-1.5;0.0
-0.8363175392150879;4.929563522338867;-1.3017172813415527;2.0
-1.0427732467651367;2.964900255203247;-1.5000001192092896;0.0
-1.2567243576049805;0.6679418087005615;-1.4999998807907104;0.0
-0.9095058441162108;0.8755943775177002;-1.5;0.0
0.4733345508575439;1.7738454341888428;1.5;1.0
-0.7332448959350586;2.771857023239136;1.4999998807907104;1.0
-0.6366233825683594;1.0671718120574951;1.5;1.0
0.064211368560791;4.269136428833008;-1.4999998807907104;0.0
0.8665509223937988;4.068831920623779;-1.5;0.0
-1.2686562538146973;2.7682440280914307;-0.1981957852840423;6.0
-0.1295311450958252;4.769911289215088;1.499999761581421;1.0
1.5684497356414795;2.4714574813842773;-1.4999998807907104;0.0
-1.267512321472168;2.966819524765014;0.101593792438507;6.0
-1.243973731994629;4.929563522338867;-1.1968222856521606;2.0
2.2302439212799072;2.859184503555298;-1.500000238418579;0.0
0.3741378784179687;4.929563522338867;-0.4010017216205597;2.0
-0.6461248397827148;1.068596124649048;-1.5;0.0
-1.2738409042358398;1.8670744895935056;0.7007122039794922;6.0
-0.9406003952026368;3.770923376083374;-1.5000001192092896;0.0
-1.1412453651428225;0.7638962268829346;-1.5000001192092896;0.0
-0.5331745147705078;4.068782806396484;-1.5;0.0
-1.262897491455078;3.768943309783936;0.3977708220481872;6.0
-0.0278279781341552;1.4678926467895508;1.500000238418579;1.0
-1.1314339637756348;0.7699339389801025;1.500000238418579;1.0
-0.8229432106018066;0.9749226570129396;1.5;1.0
-1.2806825637817385;0.6780855655670166;1.4786912202835083;6.0
-1.2732386589050293;1.9718319177627563;1.2982580661773682;6.0
-1.2807302474975586;0.6697273254394531;1.3974446058273315;6.0
-1.280681610107422;0.6780860424041748;1.2001177072525024;6.0
-1.28068208694458;0.6780858039855957;1.1017978191375732;6.0
-1.2703495025634766;2.47383713722229;-1.2971974611282349;6.0
-1.2807302474975586;0.669727087020874;0.8974699974060059;6.0
-1.2807302474975586;0.6697273254394531;0.7991142272949219;6.0
-0.624913215637207;1.8696130514144895;1.4999998807907104;1.0
-0.9200882911682128;1.8756775856018064;-1.5;0.0
-1.2806811332702637;0.6780862808227539;0.6020040512084961;6.0
-1.2807297706604004;0.6697278022766113;0.4958507418632507;6.0
-0.9296832084655762;4.070752143859863;1.5;1.0
-1.2640633583068848;3.566270589828491;0.7007888555526733;6.0
-1.270390510559082;2.466725349426269;-0.3979545831680298;6.0
-1.2807307243347168;0.669727087020874;0.3974952697753906;6.0
-0.340914249420166;4.929563522338867;-0.799825131893158;2.0
-1.273237705230713;1.971832275390625;-0.1016758978366851;6.0
-0.231818675994873;4.7688493728637695;-1.5;0.0
-1.2807307243347168;0.669727087020874;-0.0041233897209167;6.0
2.166241407394409;2.9689483642578125;-1.5;0.0
-1.267512321472168;2.966819524765014;-0.503690242767334;6.0
-1.2807302474975586;0.6697275638580322;-0.1024790108203888;6.0
0.1821537017822265;1.7716329097747805;-1.4999998807907104;0.0
-1.2807297706604004;0.6697278022766113;-0.2008348703384399;6.0
-1.273238182067871;1.971832036972046;-0.3027715384960174;6.0
-0.4409980773925781;4.929563522338867;0.2011338472366333;2.0
-1.2807302474975586;0.6697273254394531;-0.4959015548229217;6.0
-1.28068208694458;0.6780858039855957;-0.7007367014884949;6.0
-1.28068208694458;0.6780858039855957;-1.2005298137664795;6.0
-1.2807297706604004;0.6697278022766113;-1.2991390228271484;6.0
-0.2368760108947754;2.767122268676758;-1.5000001192092896;0.0
-1.2807307243347168;0.669727087020874;-1.3974950313568115;6.0
0.2768847942352295;1.671170711517334;-1.5;0.0
0.5687248706817627;1.868950605392456;1.5;1.0
0.8675856590270996;3.971212148666382;-1.5000001192092896;0.0
-0.7300095558166504;1.0688095092773438;1.4999998807907104;1.0
0.0661063194274902;1.5678579807281494;1.4999996423721311;1.0
-1.2789735794067385;0.9750628471374512;0.4018121361732483;6.0
-0.427340030670166;1.2722594738006592;1.5;1.0
-0.8301329612731934;1.4737052917480469;1.500000238418579;1.0
-1.2233476638793943;0.7708611488342285;1.4999998807907104;1.0
-1.279679775238037;0.8522548675537109;1.4719029664993286;6.0
-0.7217893600463867;1.0737740993499756;-1.5;0.0
-1.2577290534973145;4.667212009429932;0.0998868346214294;6.0
0.3688292503356933;1.7714920043945312;1.499999761581421;1.0
-0.528834342956543;3.8693909645080566;1.499999761581421;1.0
-1.233504295349121;0.7647273540496826;-1.5;0.0
0.3641121387481689;1.7686967849731443;-1.5;0.0
-0.418710708618164;1.2705631256103516;-1.5;0.0
-0.6253042221069336;1.168060302734375;1.5;1.0
-0.6347179412841797;1.1696553230285645;-1.5;0.0
0.6690442562103271;1.9696584939956665;-1.5;0.0
-1.132667064666748;0.8657779693603516;1.5;1.0
0.1827218532562255;1.6729426383972168;-1.5000001192092896;0.0
-0.83544921875;1.0654308795928955;-1.5;0.0
-0.3357253074645996;3.769517183303833;-1.5;0.0
-1.2801551818847656;0.7696456909179688;1.3974000215530396;6.0
-1.280107498168945;0.7779345512390137;1.1030317544937134;6.0
-1.2801556587219238;0.7696456909179688;0.9975178241729736;6.0
-1.279679298400879;0.85225510597229;-0.504065215587616;6.0
-1.2801551818847656;0.769646167755127;0.8995877504348755;6.0
0.9686074256896972;4.929563522338867;-0.29848712682724;2.0
-0.8167810440063477;4.575800895690918;-1.4999998807907104;0.0
-1.280107498168945;0.7779343128204346;0.801188588142395;6.0
0.1756868362426757;1.7737970352172852;1.500000238418579;1.0
-0.4274773597717285;2.07051157951355;-1.5;0.0
-1.2726836204528809;2.068212985992432;0.7974933385848999;6.0
-1.2801556587219238;0.7696456909179688;0.4997053146362304;6.0
-1.2801551818847656;0.769646167755127;0.1977536678314209;6.0
-1.2801547050476074;0.7696459293365479;-0.202128529548645;6.0
-1.2755517959594729;1.5698723793029783;1.197498083114624;6.0
-1.280156135559082;0.7696452140808105;-0.4061498641967773;6.0
-1.2801547050476074;0.7696459293365479;-0.7978708744049072;6.0
-1.27667236328125;1.3750805854797363;-1.401883602142334;6.0
-0.7446346282958984;1.4669616222381592;-1.5;0.0
-1.2801551818847656;0.7696459293365479;-0.8958014249801636;6.0
0.9743268489837646;2.1713647842407227;-1.5000001192092896;0.0
-0.0336010456085205;2.668069362640381;1.4999998807907104;1.0
-1.279019832611084;0.9669160842895508;-1.4830423593521118;6.0
-1.280107021331787;0.7779345512390137;-1.0017114877700806;6.0
-1.2801556587219238;0.7696454524993896;-1.2956833839416504;6.0
-1.280107498168945;0.7779343128204346;-1.4014501571655271;6.0
0.6471519470214844;1.967017412185669;1.5;1.0
-0.3161697387695312;1.3722798824310305;-1.5;0.0
-0.0199677944183349;1.572042465209961;-1.5;0.0
-0.8397431373596191;4.6686530113220215;-1.5;0.0
-0.0271422863006591;1.5740351676940918;1.499999761581421;1.0
-0.5271916389465332;1.2686102390289309;1.500000238418579;1.0
-1.0284805297851562;0.9748327732086182;1.499999761581421;1.0
0.2696094512939453;1.7697579860687256;1.5;1.0
-1.0253348350524902;1.6726560592651367;-1.4999998807907104;0.0
-0.2267651557922363;1.4706947803497314;1.500000238418579;1.0
-0.7357645034790039;1.1683716773986816;1.5;1.0
1.373755931854248;4.929563522338867;-0.0996781885623931;2.0
-1.2635269165039062;0.8861498832702637;-1.4999998807907104;0.0
-0.4326319694519043;2.7699508666992188;1.5;1.0
-0.7439985275268555;1.163586139678955;-1.5;0.0
1.2752323150634766;2.369616985321045;-1.5;0.0
1.773611545562744;2.67227840423584;-1.5;0.0
-1.2600126266479492;4.270197868347168;-0.8009849786758423;6.0
-1.2726826667785645;2.06821346282959;1.1979060173034668;6.0
-0.6229767799377441;3.072953701019287;1.5;1.0
0.0662140846252441;1.6705563068389893;1.5;1.0
-0.4352049827575683;1.3703663349151611;1.499999761581421;1.0
-0.9273724555969238;1.072268009185791;1.5;1.0
-1.2744054794311523;1.768895387649536;-1.300158143043518;6.0
0.5722832679748535;1.970141649246216;1.5;1.0
-0.4423723220825195;1.3662469387054443;-1.5;0.0
-0.615880012512207;3.074122428894043;-1.5;0.0
0.0606520175933837;1.6673777103424072;-1.5;0.0
1.2678821086883545;3.868331432342529;-1.5;0.0
1.0748896598815918;2.273224353790283;-1.5000001192092896;0.0
0.3735260963439941;2.773904323577881;1.5;1.0
-0.1217463016510009;1.5694401264190674;1.5;1.0
1.571217060089111;2.569871425628662;-1.5;0.0
-1.2697792053222656;2.5728836059570312;-1.3987884521484375;6.0
0.376615047454834;1.869927167892456;1.500000238418579;1.0
-1.2784132957458496;1.0723638534545898;1.0019750595092771;6.0
-1.2796330451965332;0.8604838848114014;1.3004941940307615;6.0
-1.279680252075195;0.8522546291351318;1.0978515148162842;6.0
-0.5335607528686523;1.466169357299805;-1.5000001192092896;0.0
-1.2796320915222168;0.8604838848114014;0.902190923690796;6.0
-1.279679298400879;0.85225510597229;0.7969835996627808;6.0
-1.279679775238037;0.8522548675537109;0.6994050741195679;6.0
-1.2796330451965332;0.8604834079742432;0.6014312505722046;6.0
-1.279679298400879;0.85225510597229;0.4961158037185669;6.0
-1.2796807289123535;0.8522543907165527;0.3985374569892883;6.0
-1.279679775238037;0.8522548675537109;0.1952484250068664;6.0
-1.275550365447998;1.5698740482330322;-0.4015370905399322;6.0
0.471144437789917;2.769956111907959;-1.4999998807907104;0.0
-1.279680252075195;0.8522546291351318;0.097669780254364;6.0
-1.279679775238037;0.8522546291351318;9.113550186157228e-05;6.0
-0.3338460922241211;2.8682861328125;1.500000238418579;1.0
-1.279679298400879;0.85225510597229;-0.1056191027164459;6.0
-1.269214153289795;2.671016216278076;-0.9005242586135864;6.0
-1.279679298400879;0.8522548675537109;-0.4064868688583374;6.0
-1.279679298400879;0.8522548675537109;-0.5935125946998596;6.0
-1.279679298400879;0.8522553443908691;-0.6992230415344238;6.0
-1.276130199432373;1.4690070152282717;0.8966082334518433;6.0
-1.279679775238037;0.8522548675537109;-0.7968014478683472;6.0
-1.279679298400879;0.85225510597229;-0.8943803310394287;6.0
-1.2565560340881348;4.870924949645996;-1.30138099193573;6.0
-1.279680252075195;0.8522546291351318;-1.097669243812561;6.0
-1.2796807289123535;0.8522543907165527;-1.3985371589660645;6.0
-1.279680252075195;0.8522548675537109;-1.4717206954956057;6.0
-0.6250152587890625;1.2755167484283447;-1.5;0.0
0.3790395259857178;2.770686626434326;-1.5;0.0
-0.129249095916748;1.5714728832244873;-1.4999998807907104;0.0
1.4738411903381348;3.070962429046631;-1.5;0.0
-0.3323969841003418;1.4692864418029783;1.5;1.0
-1.265178680419922;3.372502088546753;1.2985485792160034;6.0
-1.030078411102295;1.0672991275787354;1.5;1.0
-0.534876823425293;1.368762493133545;1.500000238418579;1.0
-1.2744054794311523;1.768895149230957;-0.5975800156593323;6.0
-0.542365550994873;1.3645551204681396;-1.5;0.0
-0.6338629722595215;2.369964838027954;1.4999998807907104;1.0
-1.2505645751953125;0.9747319221496582;1.5;1.0
-0.0180089473724365;1.6713838577270508;-1.499999761581421;0.0
1.874926209449768;2.771665096282959;-1.5000001192092896;0.0
-0.723567008972168;1.2699851989746094;1.499999761581421;1.0
-0.7317190170288086;1.2654180526733398;-1.4999998807907104;0.0
-0.2219824790954589;1.5702836513519287;1.500000238418579;1.0
0.9756760597229004;4.929563522338867;0.0993019342422485;2.0
-1.2793965339660645;0.9015357494354248;0.9970476627349854;6.0
-1.033332347869873;3.0698039531707764;-1.4999998807907104;0.0
-1.2793960571289062;0.901535987854004;0.8996789455413818;6.0
1.4556519985198977;4.929563522338867;-1.000349998474121;2.0
-1.2793960571289062;0.901535987854004;0.4939746856689453;6.0
-0.8405952453613281;3.366507053375244;-1.5000001192092896;0.0
-1.2793965339660645;0.9015357494354248;0.09638512134552;6.0
-1.2680611610412598;2.871427059173584;1.2018232345581057;6.0
-1.2793970108032229;0.9015355110168456;-0.1064667403697967;6.0
-1.2793965339660645;0.9015357494354248;-0.3012048602104187;6.0
-1.2622876167297363;3.874965906143189;1.0001208782196045;6.0
-1.2680611610412598;2.871427059173584;0.2971504926681518;6.0
-1.2793965339660645;0.9015357494354248;-0.40668785572052;6.0
-1.262287139892578;3.874965906143189;0.9012894630432128;6.0
-0.631080150604248;2.77063250541687;-1.5;0.0
-1.2793960571289062;0.9015357494354248;-0.4959426820278168;6.0
-1.2793965339660645;0.9015357494354248;-0.7961634397506714;6.0
-1.2793960571289062;0.901535987854004;-0.9990153312683104;6.0
-1.138533592224121;1.0690677165985107;1.5;1.0
-0.8348498344421387;1.8687893152236936;1.499999761581421;1.0
-0.2155709266662597;1.573845148086548;-1.4999998807907104;0.0
0.9644429683685304;2.2698676586151123;-1.5;0.0
1.673670768737793;2.670440912246704;-1.5;0.0
-1.2790203094482422;0.9669158458709716;1.300222873687744;6.0
-0.1359446048736572;2.8640990257263184;-1.5000001192092896;0.0
-1.2789735794067385;0.9750604629516602;1.2025240659713743;6.0
-1.2790203094482422;0.9669158458709716;1.0979506969451904;6.0
-1.2790203094482422;0.9669158458709716;0.5963156223297119;6.0
-1.2790207862854004;0.9669158458709716;0.499224841594696;6.0
-1.258291244506836;4.569481372833252;-0.5987889170646667;6.0
-1.2790203094482422;0.9669158458709716;0.2969526648521423;6.0
-1.2790203094482422;0.9669156074523926;-0.204682171344757;6.0
-1.279019832611084;0.9669160842895508;-0.3017730712890625;6.0
-1.279019832611084;0.9669158458709716;-0.4959542751312256;6.0
-1.029545783996582;1.5676119327545166;1.5;1.0
-1.2622876167297363;3.874965906143189;0.3012413382530212;6.0
-1.279019832611084;0.9669158458709716;-0.7953169345855713;6.0
-1.2622876167297363;3.874965906143189;0.4000725746154785;6.0
0.3658618927001953;3.2678346633911133;-1.5000001192092896;0.0
-1.279019832611084;0.96691632270813;-0.9004986882209778;6.0
-1.279019832611084;0.9669160842895508;-1.1998611688613892;6.0
-1.2790203094482422;0.9669158458709716;-1.2969520092010498;6.0
-1.2789735794067385;0.9750628471374512;-1.4018118381500244;6.0
0.0676119327545166;1.7668116092681885;1.499999761581421;1.0
-0.6216568946838379;1.3694415092468262;1.5;1.0
-1.2772622108459473;1.2724323272705078;0.3022435903549194;6.0
-1.2738409042358398;1.8670746088027956;-1.296588659286499;6.0
-1.1288676261901855;1.074420928955078;-1.5;0.0
0.4637739658355713;2.871881484985352;-1.4999998807907104;0.0
0.7735207080841064;2.171355962753296;-1.5000001192092896;0.0
-1.2761316299438477;1.4690065383911133;-0.2982235252857208;6.0
-0.3349981307983398;1.5732965469360352;-1.5;0.0
-0.1326723098754882;1.6699762344360352;1.499999761581421;1.0
-0.846369743347168;1.2678921222686768;-1.5;0.0
-0.1252012252807617;1.6677963733673096;-1.4999998807907104;0.0
1.469179630279541;2.568766593933105;-1.4999998807907104;0.0
1.2681076526641846;4.470797538757324;-1.5;0.0
-1.0333375930786133;1.1658310890197754;1.499999761581421;1.0
0.5705537796020508;2.0720810890197754;-1.5;0.0
2.222230911254883;2.927927017211914;-1.499999761581421;0.0
0.5746703147888184;2.074287414550781;1.5;1.0
-0.3268132209777832;1.5711660385131836;1.5;1.0
-1.251333236694336;1.0709071159362793;1.5;1.0
-1.2784132957458496;1.0723636150360107;-1.4784979820251465;6.0
0.3772928714752197;1.9738423824310305;-1.5;0.0
0.7781829833984375;4.929563522338867;-0.7012599110603333;2.0
-0.7292823791503906;1.3677546977996826;1.5;1.0
-0.0251247882843017;2.8693032264709477;1.499999761581421;1.0
-1.269819259643555;2.565840482711792;0.6022286415100098;6.0
0.1751613616943359;1.8714852333068848;1.4999998807907104;1.0
0.273975133895874;4.929563522338867;-0.2979556024074554;2.0
1.0766868591308594;2.373619318008423;-1.5000001192092896;0.0
-0.9361519813537598;1.271475076675415;1.5;1.0
0.969351053237915;3.1703383922576904;-1.4999998807907104;0.0
-0.7351875305175781;4.929563522338867;0.6999225616455078;2.0
0.178016185760498;2.070987701416016;-1.5;0.0
-1.2588582038879397;4.47074556350708;-1.0033323764801023;6.0
-0.7387537956237793;4.370181560516357;-1.5000001192092896;0.0
-0.0231561660766601;1.771789789199829;1.4999998807907104;1.0
-1.1204948425292969;1.1728973388671875;1.5;1.0
-1.2675127983093262;2.966819524765014;-1.101592779159546;6.0
-1.2640633583068848;3.566270589828491;1.0018821954727173;6.0
-1.276716232299805;1.3672194480895996;0.298864483833313;6.0
-0.0173935890197753;1.774852991104126;-1.5;0.0
-1.2784600257873535;1.0642869472503662;1.3972712755203247;6.0
1.2699971199035645;4.270170211791992;-1.5000001192092896;0.0
-1.278414249420166;1.0723631381988523;1.2033123970031738;6.0
-1.2784137725830078;1.0723636150360107;0.8006380796432495;6.0
-1.2784600257873535;1.064287185668945;0.6963685750961304;6.0
-1.2640628814697266;3.566270589828491;-0.9982372522354126;6.0
-1.278459548950195;1.064287185668945;0.5996923446655273;6.0
1.0706424713134766;4.929563522338867;0.7992427349090576;2.0
-0.3192400932312011;4.87486743927002;-1.5;0.0
-1.2784132957458496;1.0723636150360107;0.5026589632034302;6.0
-1.2784605026245115;1.064286708831787;0.1968747973442077;6.0
-0.3211007118225097;1.9711064100265503;1.5;1.0
-1.2784600257873535;1.0642869472503662;0.1001985669136047;6.0
-1.2784605026245115;1.0642869472503662;-0.1012101471424102;6.0
-1.2784600257873535;1.0642869472503662;-0.3026191592216491;6.0
-1.2738409042358398;1.8670744895935056;-0.2007932662963867;6.0
-1.2784600257873535;1.064287185668945;-0.3992953598499298;6.0
-1.278459548950195;1.0642874240875244;-0.6007040739059448;6.0
-1.2784600257873535;1.0642869472503662;-0.697380542755127;6.0
-1.2640633583068848;3.566270589828491;-0.4964152872562408;6.0
-1.2766714096069336;1.3750810623168943;-1.2032301425933838;6.0
-1.2784600257873535;1.0642869472503662;-1.1001980304718018;6.0
-0.9272985458374025;1.2762093544006348;-1.5;0.0
2.0724167823791504;3.27151870727539;-1.5;0.0
-0.2314438819885254;1.667433261871338;1.500000238418579;1.0
-0.2392668724060058;1.6696631908416748;-1.5000001192092896;0.0
-1.2715468406677246;2.265692710876465;-0.297799289226532;6.0
-0.0272769927978515;4.929563522338867;-1.3014609813690186;2.0
0.672227144241333;2.171015739440918;-1.5;0.0
1.7713592052459717;2.7702951431274414;-1.5000001192092896;0.0
-0.6198806762695312;4.929563522338867;1.4784159660339355;2.0
-0.6291160583496094;1.470644474029541;1.499999761581421;1.0
-0.6368765830993652;1.4665577411651611;-1.5;0.0
1.369072675704956;3.7700624465942383;-1.5;0.0
1.5731632709503174;2.669308423995972;-1.5;0.0
0.4745445251464844;2.0730319023132324;-1.5;0.0
-0.1259908676147461;4.929563522338867;-0.7984073162078857;2.0
-0.8231072425842285;1.368441820144653;1.4999998807907104;1.0
-1.0090336799621582;1.2780723571777344;-1.5;0.0
-0.336148738861084;1.6705334186553955;1.5;1.0
-0.5263676643371582;1.5724167823791504;-1.5;0.0
-0.9445667266845704;1.6649978160858154;-1.5;0.0
-1.2749757766723633;1.6698317527770996;-0.9979387521743774;6.0
-0.7365179061889648;1.4711356163024902;1.500000238418579;1.0
-0.922053337097168;1.3757262229919434;1.5;1.0
-1.123441219329834;1.272165060043335;1.500000238418579;1.0
-1.2778582572937012;1.1688387393951416;1.1960749626159668;6.0
-0.5219759941101074;2.1730899810791016;1.4999998807907104;1.0
-1.2778582572937012;1.1688387393951416;0.8993625640869141;6.0
-1.2778582572937012;1.1688389778137207;0.803131103515625;6.0
-1.2749757766723633;1.6698319911956787;0.7036800384521484;6.0
0.1639838218688964;4.569608211517334;-1.5;0.0
-1.2663531303405762;3.1683311462402344;-0.1966331601142883;6.0
-0.4383511543273926;3.3712263107299805;-1.4999998807907104;0.0
-1.2778582572937012;1.1688387393951416;0.698880672454834;6.0
-1.2778582572937012;1.1688387393951416;0.201686143875122;6.0
0.2726333141326904;4.769448280334473;-1.5;0.0
-1.2778582572937012;1.1688389778137207;0.0974356532096862;6.0
-1.2778587341308594;1.1688385009765625;-0.0950265824794769;6.0
-1.2778582572937012;1.1688387393951416;-0.2955085039138794;6.0
-1.277857780456543;1.1688389778137207;-0.6002405285835266;6.0
-1.1469125747680664;4.929563522338867;1.299593448638916;2.0
0.3356943130493164;3.2631478309631348;1.4999998807907104;1.0
-1.2565560340881348;4.870924949645996;-1.4019725322723389;6.0
-1.277857780456543;1.1688392162322998;-0.7044911980628967;6.0
0.9686079025268556;4.929563522338867;-1.0011062622070312;2.0
-1.2778587341308594;1.1688385009765625;-1.0012037754058838;6.0
0.0662271976470947;4.929563522338867;0.8987306356430054;2.0
-1.2778582572937012;1.1688387393951416;-1.2016851902008057;6.0
-1.2778582572937012;1.1688387393951416;-1.2979166507720947;6.0
0.5647473335266113;2.170654773712158;-1.5;0.0
-1.2720918655395508;2.171060562133789;-0.3965387940406799;6.0
-1.268061637878418;2.871427059173584;1.2982226610183716;6.0
0.3687460422515869;2.0717074871063232;1.500000238418579;1.0
-0.2377572059631347;3.4697296619415283;-1.5;0.0
-0.0228219032287597;2.975247383117676;-1.4999998807907104;0.0
-0.4286808967590332;4.072403907775879;1.4999998807907104;1.0
0.1785497665405273;1.9756903648376465;-1.5000001192092896;0.0
0.3745367527008056;2.069282054901123;-1.5;0.0
2.071669101715088;2.971565961837769;-1.4999998807907104;0.0
-1.2761306762695312;1.4690070152282717;-1.0974156856536863;6.0
-0.0340194702148437;1.86837899684906;1.500000238418579;1.0
-0.2280611991882324;1.7704205513000488;1.4999998807907104;1.0
-1.2720918655395508;2.171060562133789;1.3967845439910889;6.0
-0.6386590003967285;4.929563522338867;-1.4747886657714844;2.0
-0.0411169528961181;1.870791792869568;-1.4999998807907104;0.0
-0.428743839263916;1.6691100597381592;1.500000238418579;1.0
0.5664925575256348;4.929563522338867;0.6007183790206909;2.0
0.9671754837036132;3.568477153778076;-1.5000001192092896;0.0
-0.4217333793640136;1.6726489067077637;-1.5;0.0
-1.021444320678711;1.369896411895752;1.5;1.0
-0.5331759452819824;2.769458055496216;1.5;1.0
-1.0322561264038086;1.3719844818115234;-1.5;0.0
1.4723186492919922;2.6722002029418945;-1.5000001192092896;0.0
-0.8217310905456543;1.4779345989227295;-1.5;0.0
0.6705021858215332;4.673252582550049;-1.5000001192092896;0.0
-1.2772622108459473;1.2724323272705078;-1.485840916633606;6.0
0.4702279567718506;2.1695687770843506;-1.5;0.0
0.6650490760803223;2.270047664642334;-1.5;0.0
-1.0159673690795898;4.075699329376221;-1.5;0.0
-0.7249932289123535;2.6735212802886963;1.4999998807907104;1.0
0.2726545333862304;2.072600841522217;1.4999998807907104;1.0
0.0665283203125;1.9714354276657104;1.5;1.0
-1.2738409042358398;1.8670744895935056;1.198094606399536;6.0
-0.3305954933166504;1.7701177597045898;1.499999761581421;1.0
-0.3225140571594238;1.7676913738250732;-1.4999998807907104;0.0
0.5664918422698975;4.929563522338867;-1.2992078065872192;2.0
-0.4379229545593261;4.4686784744262695;-1.5;0.0
-0.1199409961700439;1.8677433729171755;-1.5000001192092896;0.0
-1.0391559600830078;4.169477939605713;-1.5;0.0
-1.277261734008789;1.272432565689087;0.7013696432113647;6.0
-1.2772626876831057;1.2724320888519287;0.5975968837738037;6.0
-0.6322031021118164;2.8677642345428467;1.500000238418579;1.0
-1.2772622108459473;1.2724323272705078;0.5018066167831421;6.0
-1.2772631645202637;1.2724318504333496;0.3980339169502258;6.0
0.5678679943084717;4.269063472747803;-1.5;0.0
-1.262861251831055;3.775210380554199;-0.0991449356079101;6.0
-1.2772626876831057;1.2724320888519287;0.1984709501266479;6.0
-1.2772626876831057;1.2724320888519287;-0.2006552815437317;6.0
-0.7351870536804199;4.929563522338867;1.3013720512390137;2.0
-1.277261734008789;1.272432565689087;-0.4002182483673095;6.0
-1.2772622108459473;1.2724320888519287;-0.7035542130470276;6.0
-1.2772622108459473;1.2724323272705078;-0.9031171798706056;6.0
-1.2772622108459473;1.2724323272705078;-0.9989070892333984;6.0
-1.262897491455078;3.768941402435303;1.1997313499450684;6.0
-1.2772626876831057;1.2724323272705078;-1.102680206298828;6.0
-1.2772631645202637;1.2724316120147705;-1.3980337381362915;6.0
-0.7325253486633301;1.5651845932006836;-1.499999761581421;0.0
-1.1263647079467771;1.3706650733947754;1.5;1.0
1.4556522369384766;4.929563522338867;-0.1005848944187164;2.0
-0.5177927017211914;1.6712422370910645;-1.5;0.0
-1.2674741744995115;2.9736008644104004;0.3965622782707214;6.0
-0.4224672317504883;1.770679235458374;1.5;1.0
-0.8355255126953125;1.57179856300354;1.5;1.0
-1.257065773010254;1.3688335418701172;1.500000238418579;1.0
-1.0172433853149414;1.4768543243408203;-1.5;0.0
1.073223114013672;3.3704423904418945;-1.5;0.0
-0.7317900657653809;4.369303226470947;1.5;1.0
-1.273237705230713;1.971832275390625;-1.401061773300171;6.0
-0.8439407348632812;1.567746639251709;-1.5;0.0
0.5759656429290771;4.929563522338867;0.0990228056907653;2.0
0.971045732498169;2.472139835357666;-1.5000001192092896;0.0
1.1671128273010254;2.568467855453491;-1.5;0.0
-0.9307422637939452;1.569744110107422;1.499999761581421;1.0
0.5664923191070557;4.929563522338867;-0.2005549669265747;2.0
-0.7351870536804199;4.929563522338867;-0.5982564687728882;2.0
-1.2766709327697754;1.3750810623168943;1.4030934572219849;6.0
-1.27667236328125;1.3750805854797363;1.2997946739196775;6.0
-1.2767176628112793;1.3672189712524414;1.1970902681350708;6.0
-1.2582907676696775;4.569481372833252;0.3005329966545105;6.0
-1.2766714096069336;1.3750808238983154;1.1011416912078855;6.0
-1.276716709136963;1.3672194480895996;0.9983676671981812;6.0
1.0706422328948977;4.929563522338867;-0.1011545062065124;2.0
-1.2766718864440918;1.3750805854797363;0.9024888277053832;6.0
-1.276717185974121;1.3672192096710205;0.7996453046798706;6.0
1.268646001815796;4.929563522338867;-1.0993138551712036;2.0
-1.2766718864440918;1.3750805854797363;0.600536584854126;6.0
-1.2766718864440918;1.3750808238983154;0.4018837809562683;6.0
-1.2640266418457031;3.572667360305786;-1.098412036895752;6.0
-1.2766718864440918;1.3750808238983154;0.2032310962677002;6.0
1.374887228012085;4.070409297943115;-1.5;0.0
-1.2640628814697266;3.566270589828491;1.2026108503341677;6.0
-1.276716709136963;1.3672194480895996;0.1001421809196472;6.0
-1.2640633583068848;3.566270589828491;-0.6971438527107239;6.0
-1.276716709136963;1.3672192096710205;-0.2019161581993103;6.0
-1.276716709136963;1.3672194480895996;-0.4006385207176208;6.0
-1.2767176628112793;1.3672189712524414;-0.5039739012718201;6.0
-1.2766718864440918;1.3750805854797363;-0.7026257514953613;6.0
-1.276716232299805;1.3672194480895996;-0.7980833053588867;6.0
1.274146556854248;4.929563522338867;0.4995470643043518;2.0
-0.4385495185852051;1.867186546325684;-1.4999998807907104;0.0
-1.276716709136963;1.3672194480895996;-0.9968056678771972;6.0
-1.262897491455078;3.768943309783936;-0.4964512586593628;6.0
-1.276716709136963;1.3672194480895996;-1.100141525268555;6.0
-0.5253510475158691;2.972642183303833;1.500000238418579;1.0
-1.1292657852172852;1.4684076309204102;1.500000238418579;1.0
-1.2600126266479492;4.270197868347168;-1.2991671562194824;6.0
-0.3265209197998047;1.874099850654602;1.500000238418579;1.0
-0.4402151107788086;3.271491527557373;-1.5000001192092896;0.0
-1.2569994926452637;2.5689659118652344;1.500000238418579;1.0
-0.5341200828552246;1.7703688144683838;1.500000238418579;1.0
-0.0245037078857421;2.7733912467956543;1.5;1.0
-0.5414533615112305;1.7669286727905271;-1.499999761581421;0.0
0.9686083793640136;4.929563522338867;0.7001587152481079;2.0
0.0611975193023681;2.0668692588806152;-1.5;0.0
0.26556396484375;2.167219400405884;-1.5000001192092896;0.0
0.4691393375396728;2.271671295166016;1.5;1.0
-1.259519100189209;1.4688951969146729;1.5;1.0
0.8711390495300293;2.4699807167053223;-1.5;0.0
-1.0386457443237305;1.563398838043213;-1.5000001192092896;0.0
-0.8309407234191895;1.666659593582153;-1.5000001192092896;0.0
0.5695476531982422;2.3720176219940186;-1.5;0.0
-1.2720913887023926;2.1710610389709477;-0.4961678385734558;6.0
-0.9245257377624512;4.17193078994751;1.5;1.0
1.2685787677764893;2.6702215671539307;-1.5;0.0
-1.264617919921875;3.4698486328125;-0.6044445037841797;6.0
-0.6343321800231934;1.7709615230560305;1.499999761581421;1.0
-1.2761311531066897;1.4690067768096924;-1.485142469406128;6.0
-0.6419939994812012;1.7674496173858645;-1.5;0.0
-0.2340221405029297;1.966787338256836;1.499999761581421;1.0
-0.229687213897705;2.9690728187561035;1.5;1.0
-0.4315776824951172;1.8703715801239011;1.4999998807907104;1.0
0.1699297428131103;2.1728591918945312;1.4999995231628418;1.0
-1.2761316299438477;1.4690067768096924;1.403027057647705;6.0
-1.2744059562683103;1.768894910812378;0.9012534618377686;6.0
-1.2761311531066897;1.4690067768096924;1.3001611232757568;6.0
-1.2761311531066897;1.4690067768096924;1.1972945928573608;6.0
-1.2761311531066897;1.4690067768096924;1.1023412942886353;6.0
-1.2761316299438477;1.4690067768096924;0.6987887620925903;6.0
0.2769036293029785;3.769677877426148;-1.500000238418579;0.0
-0.4358968734741211;2.6686830520629883;1.500000238418579;1.0
-1.2761311531066897;1.4690067768096924;0.603834867477417;6.0
-1.2761311531066897;1.4690070152282717;0.5009685754776001;6.0
0.7704291343688965;3.7701807022094727;-1.499999761581421;0.0
-1.2761311531066897;1.4690067768096924;0.0974162817001342;6.0
-1.2761311531066897;1.4690070152282717;-0.1004035174846649;6.0
-1.2761311531066897;1.4690070152282717;-0.5039558410644531;6.0
-1.2761311531066897;1.4690067768096924;-0.8046422004699707;6.0
-0.3352327346801758;3.2683145999908447;-1.4999998807907104;0.0
-1.268655776977539;2.7682442665100098;0.5022876262664795;6.0
-1.2761306762695312;1.4690072536468506;-0.8995958566665649;6.0
-1.2761306762695312;1.4690070152282717;-1.0024619102478027;6.0
-0.9338369369506836;2.667444229125977;-1.5;0.0
-1.2761311531066897;1.4690067768096924;-1.2002817392349243;6.0
-1.2761316299438477;1.4690065383911133;-1.3031482696533203;6.0
-1.2761311531066897;1.4690067768096924;-1.398102045059204;6.0
1.87136971950531;2.969276189804077;-1.5;0.0
-1.1321444511413574;1.5653979778289795;1.5;1.0
-0.0383193492889404;2.0676119327545166;-1.4999998807907104;0.0
-0.9207549095153807;4.929563522338867;1.1998231410980225;2.0
0.1750292778015136;2.175149917602539;-1.5;0.0
0.3667855262756347;2.266514301300049;-1.5;0.0
-0.5285730361938477;2.5707218647003174;1.500000238418579;1.0
0.3713476657867431;2.268554925918579;1.5;1.0
-1.1243829727172852;1.5764365196228027;-1.5;0.0
-0.4295010566711426;4.172950267791748;1.500000238418579;1.0
-0.5270304679870605;1.8729642629623413;1.5;1.0
-0.7213277816772461;1.772508144378662;1.499999761581421;1.0
-0.7467961311340332;1.7679948806762695;-1.5000001192092896;0.0
-0.5343031883239746;1.869719624519348;-1.499999761581421;0.0
-1.2600135803222656;4.270198345184326;1.3024523258209229;6.0
0.9737834930419922;2.572551012039185;-1.5;0.0
-0.1234118938446044;2.070925712585449;1.5000004768371582;1.0
-1.2619543075561523;1.5681700706481934;1.5;1.0
-0.1174604892730712;2.073553562164306;-1.4999998807907104;0.0
-0.4342045783996582;3.668548822402954;-1.5;0.0
1.1769394874572754;2.6729180812835693;-1.5000001192092896;0.0
0.0654690265655517;2.171323299407959;1.4999998807907104;1.0
0.2670087814331054;2.270097255706787;1.499999761581421;1.0
-0.8295345306396484;1.7731695175170898;1.4999998807907104;1.0
1.3699371814727783;2.770742177963257;-1.5;0.0
-0.8212552070617676;1.7768001556396484;-1.5;0.0
1.574690341949463;2.871119260787964;-1.5;0.0
0.0693585872650146;3.571187973022461;1.500000238418579;1.0
-1.275550365447998;1.5698730945587158;1.0005722045898438;6.0
-1.2755508422851562;1.5698740482330322;0.4964425563812256;6.0
-1.2755508422851562;1.5698738098144531;0.1971161365509033;6.0
-1.2726411819458008;2.0755927562713623;-0.5038483142852783;6.0
-0.4301338195800781;3.47025203704834;1.500000238418579;1.0
-1.2755508422851562;1.5698738098144531;0.0001908540725708;6.0
-1.2755513191223145;1.569873571395874;-0.1022102832794189;6.0
-1.275550365447998;1.5698740482330322;-0.1967347562313079;6.0
1.2693071365356443;4.771120548248291;-1.5;0.0
-1.2755508422851562;1.5698738098144531;-0.5039379596710205;6.0
-1.2737975120544434;1.8745923042297363;-1.1020917892456057;6.0
-0.1205136775970459;4.07123327255249;-1.5000001192092896;0.0
-1.2755508422851562;1.5698738098144531;-0.5984624028205872;6.0
-0.3342528343200683;3.567390918731689;-1.5;0.0
-1.275550365447998;1.5698740482330322;-0.7008638381958008;6.0
-1.2738409042358398;1.8670744895935056;-1.001267671585083;6.0
0.2737655639648437;3.272271156311035;-1.5;0.0
-1.2755508422851562;1.5698738098144531;-0.8032647371292114;6.0
-1.275550365447998;1.5698740482330322;-1.000190019607544;6.0
-1.1252965927124023;1.872657060623169;1.5;1.0
-1.275550365447998;1.5698740482330322;-1.1025915145874023;6.0
-0.5284585952758789;4.929563522338867;-0.1969136893749237;2.0
-0.4336929321289062;1.972407341003418;-1.5;0.0
0.4777288436889648;2.371590137481689;-1.5000001192092896;0.0
-0.2306771278381347;2.0662994384765625;1.5;1.0
-0.9216489791870116;2.071023464202881;1.4999998807907104;1.0
-1.269215106964111;2.671016216278076;-0.6010665893554688;6.0
-1.136668682098389;1.6683919429779053;1.4999998807907104;1.0
0.4649186134338379;2.667165279388428;1.500000238418579;1.0
-0.4196944236755371;2.970005512237549;-1.499999761581421;0.0
0.7781827449798584;4.929563522338867;-1.3989620208740234;2.0
-0.9306387901306152;1.7646477222442627;-1.5;0.0
-1.264617919921875;3.4698486328125;0.101458191871643;6.0
0.8748652935028076;2.57358455657959;-1.5;0.0
1.7712600231170654;2.9716813564300537;-1.4999998807907104;0.0
-0.7284407615661621;1.8722988367080688;1.5;1.0
-0.7363739013671875;1.8689159154891968;-1.499999761581421;0.0
-0.0375952720642089;2.166887044906616;-1.5;0.0
0.1682240962982177;2.271063804626465;1.499999761581421;1.0
0.1732978820800781;2.2732043266296387;-1.5;0.0
1.0677297115325928;2.671062469482422;-1.5000001192092896;0.0
-0.2302570343017578;2.869469165802002;1.5;1.0
0.3810653686523437;2.371140480041504;-1.5000001192092896;0.0
1.274146556854248;4.929563522338867;-0.7997069358825684;2.0
-1.2738409042358398;1.8670744895935056;0.5996813774108887;6.0
-0.3382253646850586;2.069847822189331;-1.5;0.0
-0.1221544742584228;2.1721343994140625;1.500000238418579;1.0
-0.8431453704833984;1.8653268814086916;-1.499999761581421;0.0
1.1708292961120603;4.929563522338867;-0.8004056215286255;2.0
-0.1400012969970703;2.164714097976685;-1.499999761581421;0.0
-1.2749757766723633;1.6698317527770996;1.4015791416168213;6.0
-1.274975299835205;1.6698319911956787;1.1976985931396484;6.0
-1.2749762535095217;1.6698315143585205;1.0016597509384155;6.0
-1.0367045402526855;4.775914192199707;-1.5;0.0
-1.2749748229980469;1.6698322296142578;0.8997189998626709;6.0
0.8730201721191406;4.929563522338867;-0.7016817331314087;2.0
-1.2749757766723633;1.6698319911956787;0.6017398834228516;6.0
-1.2611565589904783;4.071524620056152;0.8035739660263062;6.0
-1.2749757766723633;1.6698319911956787;0.2018201947212219;6.0
-1.273237228393555;1.9718323945999143;-0.5038666725158691;6.0
-1.263477802276611;3.66811752319336;-1.2953026294708252;6.0
-1.274975299835205;1.6698319911956787;-0.4019802510738373;6.0
-0.9228549003601074;2.371344566345215;1.4999996423721311;1.0
-0.8250722885131836;3.2718515396118164;1.5;1.0
-0.4239554405212402;4.929563522338867;-0.0998963713645935;2.0
-1.274975299835205;1.6698319911956787;-0.5980192422866821;6.0
-1.2749757766723633;1.6698317527770996;-0.6999598145484924;6.0
-1.273237705230713;1.971832275390625;0.4010626077651977;6.0
-0.6246376037597656;1.9698110818862915;-1.5;0.0
-0.4214744567871094;2.8659067153930664;-1.5;0.0
-1.2669296264648438;3.068065643310547;-0.2979956865310669;6.0
0.770505428314209;2.5705723762512207;-1.5;0.0
-0.6321840286254883;1.966683387756348;1.5;1.0
-0.4294080734252929;2.869955062866211;1.500000238418579;1.0
0.2732148170471191;2.3735146522521973;1.5;1.0
-1.243974208831787;4.929563522338867;-0.5966880321502686;2.0
-0.434359073638916;2.067690849304199;1.5;1.0
-1.120779037475586;1.7716083526611328;1.500000238418579;1.0
-1.1301207542419434;1.767751693725586;-1.5;0.0
0.2791638374328613;2.3706653118133545;-1.5;0.0
-0.2211523056030273;2.1671066284179688;-1.5000001192092896;0.0
-1.260599136352539;4.16835355758667;1.2979525327682495;6.0
0.4670019149780273;2.471951484680176;1.4999998807907104;1.0
-0.7339787483215332;1.9652364253997805;1.4999998807907104;1.0
-0.7276163101196289;1.974577784538269;-1.5;0.0
2.145132303237915;3.166673183441162;-1.4999998807907104;0.0
-0.0325205326080322;2.2724504470825195;1.4999998807907104;1.0
-0.7351870536804199;4.929563522338867;-0.1992747485637664;2.0
1.1760447025299072;2.7707314491271973;-1.5;0.0
-1.2744054794311523;1.768895149230957;-1.479705810546875;6.0
-0.6330318450927734;2.170372486114502;1.4999998807907104;1.0
-1.0333027839660645;1.8655476570129397;-1.5;0.0
-0.5284581184387207;4.929563522338867;-0.5991401076316833;2.0
-1.266930103302002;3.068065643310547;0.7010064125061035;6.0
0.1665370464324951;2.368170738220215;1.500000238418579;1.0
-1.0243487358093262;1.8691370487213133;1.500000238418579;1.0
-0.3276171684265136;2.173024654388428;1.5;1.0
0.1715855598449707;2.370164632797241;-1.5;0.0
-0.4246439933776855;2.766033887863159;-1.5000001192092896;0.0
1.3750486373901367;2.870572090148926;-1.5;0.0
-0.5284581184387207;4.929563522338867;-1.001366138458252;2.0
-1.274405002593994;1.768895387649536;1.1978970766067505;6.0
-1.2588582038879397;4.47074556350708;1.099023461341858;6.0
-1.274405002593994;1.768895387649536;1.0964137315750122;6.0
0.5702831745147705;4.367889404296875;-1.5000001192092896;0.0
-1.274405002593994;1.768895387649536;1.0027366876602173;6.0
-1.268061637878418;2.871426820755005;1.4020379781723022;6.0
-1.2744054794311523;1.768895149230957;0.7997698783874512;6.0
-1.2744054794311523;1.768895387649536;0.5968029499053955;6.0
-1.2744054794311523;1.768895387649536;0.5031255483627319;6.0
-1.2744054794311523;1.768895387649536;0.0035147070884704;6.0
-1.2744059562683103;1.768894910812378;-0.0979687273502349;6.0
-1.268061637878418;2.871427059173584;1.098008394241333;6.0
-1.274405002593994;1.7688956260681152;-0.1994525492191314;6.0
-1.2744054794311523;1.768895387649536;-0.496096521615982;6.0
-0.9423747062683104;4.929563522338867;0.5023839473724365;2.0
-1.274405002593994;1.7688956260681152;-0.8005468845367432;6.0
-1.2744059562683103;1.768895149230957;-1.0035139322280884;6.0
-1.2744059562683103;1.768895149230957;-1.1986744403839111;6.0
-1.274405002593994;1.768895387649536;-1.4016413688659668;6.0
-0.8318886756896973;1.9669930934906008;-1.5;0.0
1.070592164993286;3.470865488052368;-1.5;0.0
-1.264617919921875;3.4698486328125;0.4039875864982605;6.0
1.9745274782180784;3.1705501079559326;-1.5;0.0
-0.3341584205627441;2.1704416275024414;-1.5;0.0
0.1798551082611084;2.77226996421814;-1.5;0.0
0.0791780948638916;4.929563522338867;-1.2003469467163086;2.0
0.3760719299316406;2.4712486267089844;-1.5000001192092896;0.0
0.9685630798339844;4.670931816101074;-1.5;0.0
-0.1399652957916259;2.2705321311950684;-1.4999998807907104;0.0
-1.1160202026367188;1.8762925863265991;-1.5000001192092896;0.0
-0.6168742179870605;2.0719234943389893;-1.5;0.0
1.5743186473846436;2.973432779312134;-1.5;0.0
-0.4213414192199707;2.1673479080200195;-1.4999998807907104;0.0
0.5755395889282227;2.769982099533081;-1.5000001192092896;0.0
0.9756710529327391;4.929563522338867;0.799971342086792;2.0
0.573127269744873;2.5717692375183105;-1.5000001192092896;0.0
1.1666486263275146;3.170802354812622;-1.5;0.0
0.075068712234497;2.370723247528076;1.499999761581421;1.0
-0.9337010383605956;1.968820571899414;1.5;1.0
-0.5361433029174805;2.870214939117432;-1.5000001192092896;0.0
-1.273238182067871;1.9718321561813357;-0.2022238373756408;6.0
0.2698385715484619;2.4716858863830566;1.500000238418579;1.0
-0.725283145904541;2.06968092918396;1.500000238418579;1.0
0.4646759033203125;3.869744539260864;-1.4999998807907104;0.0
-1.2495613098144531;1.868870735168457;1.499999761581421;1.0
-0.2192721366882324;2.2694363594055176;-1.5;0.0
1.2726540565490725;2.872148036956787;-1.5;0.0
-1.029122829437256;1.9675835371017456;1.4999998807907104;1.0
0.4701800346374511;2.571741819381714;1.500000238418579;1.0
1.170140027999878;3.371733427047729;-1.5;0.0
-0.031836986541748;2.369218349456787;1.500000238418579;1.0
-1.2737975120544434;1.8745923042297363;1.3995038270950315;6.0
-1.2737975120544434;1.8745923042297363;0.8012962341308594;6.0
0.5678796768188477;2.8689472675323486;-1.5000001192092896;0.0
-1.2737970352172852;1.8745923042297363;0.2030885219573974;6.0
0.3741383552551269;4.929563522338867;0.100588321685791;2.0
-1.2738404273986816;1.8670746088027956;-0.5971446633338928;6.0
-1.2738404273986816;1.8670746088027956;-0.6981751322746277;6.0
-1.2640633583068848;3.566270589828491;-0.2024909555912017;6.0
-1.2738409042358398;1.8670744895935056;-0.7992061972618103;6.0
-1.2737970352172852;1.8745923042297363;-1.2030876874923706;6.0
-1.2738404273986816;1.867074728012085;-1.3976190090179443;6.0
-1.0218377113342283;1.9774730205535889;-1.5;0.0
-0.8304963111877441;2.070400714874268;1.5;1.0
0.9692461490631104;3.270519495010376;-1.5;0.0
-0.0374460220336914;2.367119789123535;-1.5000001192092896;0.0
0.4659526348114013;2.570178985595703;-1.5;0.0
-0.3236498832702636;2.2721784114837646;1.499999761581421;1.0
0.1736977100372314;2.4727771282196045;1.4999998807907104;1.0
1.472383975982666;2.9695467948913574;-1.5;0.0
-1.1374220848083496;1.9628374576568604;-1.5;0.0
-1.1297783851623535;1.972944021224976;1.5;1.0
-1.2646183967590332;3.4698486328125;-0.3955549895763397;6.0
-0.1327264308929443;2.371926069259644;1.5;1.0
-0.6405353546142578;2.167608976364136;-1.5000001192092896;0.0
1.1742920875549316;2.870503664016724;-1.5;0.0
0.3755936622619629;2.571915864944458;1.4999996423721311;1.0
-0.1386198997497558;2.369781732559204;-1.4999998807907104;0.0
-0.424870491027832;2.271823644638061;1.4999998807907104;1.0
-1.2536683082580566;1.97148871421814;1.5;1.0
-1.273237705230713;1.9718321561813357;-1.4861409664154053;6.0
0.9686410427093506;2.9686167240142822;-1.5;0.0
-0.4180917739868164;2.274281740188598;-1.5;0.0
-1.2697792053222656;2.5728836059570312;0.4965654015541076;6.0
-0.7322821617126465;2.16706657409668;1.5;1.0
-1.257695198059082;4.672930717468262;-0.0968068838119506;6.0
1.6677162647247314;3.0704941749572754;-1.5000001192092896;0.0
0.1709322929382324;2.8716635704040527;1.4999998807907104;1.0
-1.267512321472168;2.966819524765014;0.8028373718261719;6.0
-0.2248926162719726;2.3737292289733887;1.5;1.0
1.1708295345306396;4.929563522338867;-0.1995940804481506;2.0
-0.2174172401428222;2.370513677597046;-1.5;0.0
-1.273237705230713;1.9718323945999143;1.1977099180221558;6.0
-1.273238182067871;1.9718321561813357;1.0971624851226809;6.0
-1.273238182067871;1.9718321561813357;0.8960670232772827;6.0
-1.273238182067871;1.9718321561813357;0.7027057409286499;6.0
-1.273238182067871;1.971832036972046;0.6021580696105957;6.0
-1.273238182067871;1.9718321561813357;0.5016103982925415;6.0
0.1794195175170898;4.929563522338867;0.0023333430290222;2.0
-1.273238182067871;1.9718321561813357;0.3005149364471435;6.0
-1.258859634399414;4.47074556350708;0.4005208611488342;6.0
-1.273237705230713;1.9718321561813357;0.1999672055244445;6.0
0.4784009456634521;4.929563522338867;-0.2001097202301025;2.0
1.572019100189209;3.969790458679199;-1.5;0.0
-1.273237228393555;1.9718323945999143;0.0994194149971008;6.0
-1.273237705230713;1.971832275390625;-0.0011281967163085;6.0
0.1672160625457763;4.929563522338867;0.6982885599136353;2.0
-1.273238182067871;1.971832036972046;-0.403319239616394;6.0
-1.258859157562256;4.47074556350708;-0.4007028341293335;6.0
-1.273237705230713;1.9718321561813357;-0.596680223941803;6.0
-1.273237705230713;1.971832275390625;-0.7977756261825562;6.0
-1.273237705230713;1.971832275390625;-0.9988709688186646;6.0
-1.2720909118652344;2.1710610389709477;1.2971550226211548;6.0
-1.273237705230713;1.971832275390625;-1.3005144596099854;6.0
1.369556188583374;2.9716389179229736;-1.5;0.0
-0.5307588577270508;2.2714545726776123;1.5;1.0
-0.8454537391662598;2.166963577270508;-1.5;0.0
-0.3340134620666504;2.3711390495300293;1.5;1.0
-0.3261785507202148;2.367846965789795;-1.5;0.0
1.8710201978683472;3.1709492206573486;-1.5;0.0
0.7670559883117676;2.770033359527588;-1.5;0.0
1.3687336444854736;4.929563522338867;-0.6006909012794495;2.0
-0.5284576416015625;4.929563522338867;-1.4772391319274902;2.0
-0.9282207489013672;2.172250509262085;1.4999998807907104;1.0
-1.266930103302002;3.068065643310547;-0.5991653800010681;6.0
1.5746891498565674;3.070718765258789;-1.4999998807907104;0.0
0.1708028316497802;2.5722930431365967;1.5;1.0
-1.2577447891235352;2.0733208656311035;1.5;1.0
-0.0246665477752685;3.073760509490967;-1.4999998807907104;0.0
-1.2726826667785645;2.06821346282959;-1.4817819595336914;6.0
0.1658132076263427;2.570601463317871;-1.5;0.0
-0.1314351558685302;2.4698314666748047;1.500000238418579;1.0
-0.4337410926818847;2.36734676361084;1.5;1.0
-0.0272769927978515;4.929563522338867;0.9019376039505004;2.0
1.2694027423858645;2.970320463180542;-1.4999998807907104;0.0
-0.7236886024475098;2.2690517902374268;1.499999761581421;1.0
-0.7329497337341309;2.2724838256835938;-1.5;0.0
-1.0224933624267578;2.174746036529541;1.4999996423721311;1.0
-1.2726831436157229;2.06821346282959;1.2980095148086548;6.0
-1.2726826667785645;2.06821346282959;0.9976996183395386;6.0
0.867854118347168;3.271267890930176;-1.5;0.0
-1.2726826667785645;2.06821346282959;0.3970797657966614;6.0
-1.2726826667785645;2.06821346282959;0.2969765067100525;6.0
-1.2726831436157229;2.06821346282959;0.1968732476234436;6.0
-1.2726831436157229;2.068212985992432;0.0967699885368347;6.0
0.267899751663208;2.6663966178894043;-1.5000001192092896;0.0
-1.2726831436157229;2.0682132244110107;-0.0033332407474517;6.0
-1.2726831436157229;2.0682132244110107;-0.103436529636383;6.0
-1.2726831436157229;2.06821346282959;-0.3036433458328247;6.0
-1.2726831436157229;2.06821346282959;-0.6963558793067932;6.0
-1.2726831436157229;2.06821346282959;-1.1968724727630615;6.0
-1.2726831436157229;2.06821346282959;-1.3970789909362793;6.0
-1.2715473175048828;2.265692234039306;-0.9005857706069946;6.0
-1.0297160148620603;2.1653056144714355;-1.5;0.0
-1.2657818794250488;3.2676310539245605;0.2020198106765747;6.0
1.9741454124450684;3.5705831050872803;-1.499999761581421;0.0
0.6740150451660156;2.7700085639953613;-1.5;0.0
0.0714786052703857;2.570983648300171;1.5;1.0
-0.2352724075317382;2.4696602821350098;1.500000238418579;1.0
-0.5253067016601562;2.3738584518432617;1.5;1.0
-0.4409999847412109;4.929563522338867;0.60019850730896;2.0
-0.8277621269226074;2.273953914642334;1.4999998807907104;1.0
-0.8343415260314941;2.265085935592652;-1.5000001192092896;0.0
-1.1095271110534668;2.173790693283081;-1.5;0.0
1.1717040538787842;2.972189426422119;-1.4999998807907104;0.0
-0.5206851959228516;3.267109632492065;-1.5;0.0
0.2714319229125976;2.672604560852051;1.499999761581421;1.0
-0.0385658740997314;2.5678224563598637;-1.5;0.0
0.0662276744842529;4.929563522338867;0.5025444030761719;2.0
-0.0330204963684082;2.569606065750122;1.500000238418579;1.0
-0.3300423622131347;2.4681262969970703;1.5;1.0
-0.8363180160522461;4.929563522338867;-0.6981427669525146;2.0
-0.9331836700439452;2.26644229888916;1.5;1.0
-0.1314656734466552;2.6725752353668213;1.500000238418579;1.0
-0.62646484375;2.3723552227020264;-1.500000238418579;0.0
-0.3236227035522461;2.470200538635254;-1.5;0.0
-1.2720913887023926;2.171060800552368;-1.3008642196655271;6.0
-1.2703490257263184;2.473837375640869;-0.8967095613479614;6.0
-0.9416561126708984;2.263692617416382;-1.5000001192092896;0.0
-1.2720918655395508;2.171060800552368;-1.4847947359085083;6.0
-0.7321124076843262;2.370789051055908;1.499999761581421;1.0
-1.2720918655395508;2.171060800552368;1.0978972911834717;6.0
-1.2720913887023926;2.1710610389709477;0.8986388444900513;6.0
-1.2720909118652344;2.1710610389709477;0.7990100383758545;6.0
-1.2720909118652344;2.1710610389709477;0.0019775032997131;6.0
-0.920757293701172;4.929563522338867;0.0997551083564758;2.0
-1.2720913887023926;2.171060800552368;-0.0976514220237732;6.0
-1.2720913887023926;2.171060800552368;-0.6034606695175171;6.0
-0.4304366111755371;2.4721522331237797;1.500000238418579;1.0
-0.9260492324829102;3.869978904724121;1.500000238418579;1.0
-1.0272035598754885;2.2706425189971924;1.4999998807907104;1.0
-1.2674736976623535;2.9736011028289795;0.6991057395935059;6.0
-0.4371833801269531;2.4700305461883545;-1.5;0.0
0.1629760265350341;2.669172763824463;-1.5;0.0
0.7717645168304443;2.871847152709961;-1.5000001192092896;0.0
-0.1372733116149902;2.569982051849365;-1.5;0.0
1.6725585460662842;3.1698405742645264;-1.5;0.0
0.4491050243377685;2.767910480499268;1.5;1.0
1.9711459875106807;3.2715606689453125;-1.499999761581421;0.0
-1.123094081878662;2.2684531211853027;1.500000238418579;1.0
-0.5339922904968262;2.4706053733825684;1.4999998807907104;1.0
-0.8264188766479492;2.374133586883545;-1.4999998807907104;0.0
-0.5255274772644043;2.4670238494873047;-1.5;0.0
0.0691030025482177;2.671903133392334;1.4999996423721311;1.0
-0.2394533157348632;2.5668840408325195;-1.5;0.0
0.0743153095245361;2.6734824180603027;-1.5;0.0
0.6650798320770264;2.8703296184539795;-1.5;0.0
-1.266930103302002;3.068065643310547;-1.3998359441757202;6.0
-0.9312491416931152;2.36880111694336;-1.5;0.0
-1.2605643272399902;4.174375057220459;1.102711200714111;6.0
-0.6276321411132812;2.473416805267334;1.4999998807907104;1.0
1.2749264240264893;3.0731101036071777;-1.5;0.0
-0.6188440322875977;2.469757556915283;-1.5000001192092896;0.0
-1.2715463638305664;2.265692710876465;1.296913981437683;6.0
-1.2715468406677246;2.2656924724578857;0.9001432657241821;6.0
-0.8363189697265625;4.929563522338867;-1.1005260944366455;2.0
-1.2715468406677246;2.265692710876465;0.7017577886581421;6.0
-1.2715473175048828;2.2656924724578857;0.6025652885437012;6.0
-1.2715048789978027;2.2729368209838867;0.2970883846282959;6.0
-1.2715463638305664;2.265692710876465;0.0989715456962585;6.0
-1.116781234741211;2.9718985557556152;-1.4999998807907104;0.0
-1.2715468406677246;2.265692710876465;-0.3969919681549072;6.0
-1.2715468406677246;2.2656924724578857;-0.5038145780563354;6.0
-0.8305511474609375;2.768862247467041;1.5;1.0
-1.2715473175048828;2.265692234039306;-0.8013928532600403;6.0
-1.2715463638305664;2.265692710876465;-1.0989710092544556;6.0
-1.2715044021606443;2.2729368209838867;-1.2970876693725586;6.0
-1.2715463638305664;2.265692710876465;-1.3965487480163574;6.0
-0.6342129707336426;4.269236087799072;-1.5;0.0
1.5736000537872314;3.171933650970459;-1.499999761581421;0.0
-0.4338736534118652;2.5736851692199707;-1.5;0.0
-0.1359667778015136;2.665708541870117;-1.5;0.0
1.170013427734375;3.068810224533081;-1.5;0.0
-0.2303743362426757;4.929563522338867;-1.300214171409607;2.0
-0.5201716423034668;2.567002058029175;-1.5000001192092896;0.0
-1.2709245681762695;2.3738579750061035;-1.4831430912017822;6.0
-1.2651782035827637;3.372502088546753;-0.5036182999610901;6.0
-0.9293279647827148;2.4700751304626465;1.4999998807907104;1.0
-0.6275606155395508;2.9710240364074707;1.500000238418579;1.0
-1.266930103302002;3.068065643310547;0.0031742453575134;6.0
0.7763888835906982;2.971821546554565;-1.499999761581421;0.0
0.0667524337768554;2.771695852279663;1.5;1.0
-0.6361246109008789;2.57143783569336;1.5;1.0
-1.270965576171875;2.3666820526123047;1.4023939371109009;6.0
-1.270965576171875;2.3666820526123047;1.197345495223999;6.0
-1.270924091339111;2.3738579750061035;1.0980825424194336;6.0
0.6762845516204834;4.929563522338867;-0.1997840106487274;2.0
-1.2600131034851074;4.270197868347168;-0.1990144848823547;6.0
-1.2709660530090332;2.3666815757751465;0.9011645317077636;6.0
-1.1469130516052246;4.929563522338867;-0.0982756316661834;2.0
-1.270965576171875;2.3666820526123047;0.8024375438690186;6.0
-0.5277748107910156;3.969483375549317;1.4999998807907104;1.0
-1.2709245681762695;2.3738579750061035;0.597021222114563;6.0
-1.1469135284423828;4.929563522338867;-1.300181865692139;2.0
-1.2709660530090332;2.3666815757751465;0.3999351859092712;6.0
-0.6376633644104004;4.069962978363037;-1.5000001192092896;0.0
-1.2709650993347168;2.3666820526123047;0.2024809718132019;6.0
-1.2709660530090332;2.3666820526123047;0.1037541031837463;6.0
-0.9423747062683104;4.929563522338867;0.602310061454773;2.0
-1.270924091339111;2.3738579750061035;-0.0027340650558471;6.0
-1.2709660530090332;2.3666818141937256;-0.2987485527992248;6.0
-1.2600135803222656;4.270197868347168;0.2991682887077331;6.0
-1.270965576171875;2.3666820526123047;-0.3974755406379699;6.0
-1.2657814025878906;3.2676310539245605;1.3005168437957764;6.0
-1.270965576171875;2.3666820526123047;-0.4962025284767151;6.0
-1.270965576171875;2.3666820526123047;-1.2024803161621094;6.0
0.3686909675598144;2.869514226913452;1.500000238418579;1.0
-0.1314945220947265;2.8705968856811523;1.5000004768371582;1.0
-0.8363184928894043;4.929563522338867;0.6004571914672852;2.0
-0.3186039924621582;2.671128511428833;-1.5000001192092896;0.0
-1.2663531303405762;3.168331384658813;1.0022132396697998;6.0
0.3730676174163818;2.87070369720459;-1.5;0.0
-1.0206913948059082;2.471542358398437;1.500000238418579;1.0
-0.0190687179565429;2.774853229522705;-1.5000001192092896;0.0
1.368399143218994;3.1684608459472656;-1.5000001192092896;0.0
-1.1425714492797852;2.4657182693481445;-1.5;0.0
-1.2634406089782717;3.674448013305664;0.8013190031051636;6.0
-1.2640633583068848;3.566270589828491;0.3996956944465637;6.0
-0.8397426605224609;2.5671348571777344;-1.5;0.0
-1.2680611610412598;2.871427059173584;0.8977938890457153;6.0
-1.2617192268371582;3.9737331867218018;0.4026304483413696;6.0
1.6692183017730713;3.270572662353516;-1.5000001192092896;0.0
-0.1259896755218505;4.929563522338867;-0.4005305767059326;2.0
-0.1372361183166504;2.770659208297729;-1.5000001192092896;0.0
-1.2703499794006348;2.473836898803711;-1.4861068725585938;6.0
-0.935758113861084;2.5681092739105225;1.5;1.0
-1.2703490257263184;2.473837375640869;1.3021957874298096;6.0
-1.2703900337219238;2.466725349426269;1.1969733238220217;6.0
-1.266352653503418;3.168331384658813;0.0007380247116088;6.0
-1.2703900337219238;2.466725349426269;0.9021761417388916;6.0
-0.9252219200134276;2.7736892700195312;-1.5;0.0
-1.2703909873962402;2.4667251110076904;0.599820613861084;6.0
-0.8180661201477051;3.7716763019561768;-1.5;0.0
-0.2312612533569336;3.3712782859802246;1.500000238418579;1.0
-1.2703900337219238;2.466725349426269;0.4032889008522033;6.0
-1.2703490257263184;2.47383713722229;0.297197937965393;6.0
-1.2663531303405762;3.1683311462402344;0.4978206753730774;6.0
-1.270390510559082;2.4667251110076904;-0.2996889054775238;6.0
1.0706424713134766;4.929563522338867;0.001552402973175;2.0
-1.2703900337219238;2.466725349426269;-0.7985762357711792;6.0
-1.2703900337219238;2.466725349426269;-1.002666473388672;6.0
-1.270390510559082;2.466725349426269;-1.1991978883743286;6.0
-1.2703909873962402;2.4667251110076904;-1.4032882452011108;6.0
-0.9441146850585938;2.565931797027588;-1.5;0.0
-1.035780429840088;2.972597599029541;1.5;1.0
0.4740278720855713;2.972524642944336;-1.5;0.0
-1.026907444000244;2.571331262588501;1.5;1.0
1.5725317001342771;3.271146774291992;-1.5;0.0
-0.3237676620483398;2.773576021194458;1.5;1.0
-0.0272760391235351;4.929563522338867;-1.1972460746765137;2.0
1.4733505249023438;3.672230958938599;-1.5;0.0
0.4305300712585449;2.952300786972046;1.5;1.0
-1.1287908554077148;2.565965414047241;-1.5;0.0
0.7664139270782471;3.0706915855407715;-1.499999761581421;0.0
-1.2697792053222656;2.5728836059570312;-1.4815223217010498;6.0
-0.8318929672241211;2.6726090908050537;-1.5;0.0
1.874281644821167;3.372187376022339;-1.5;0.0
1.0768558979034424;3.171844720840454;-1.4999998807907104;0.0
-1.2697792053222656;2.5728836059570312;1.3991150856018066;6.0
-1.269819259643555;2.565840482711792;1.3019366264343262;6.0
-0.7351870536804199;4.929563522338867;-1.402174472808838;2.0
-1.2697796821594238;2.572883367538452;1.0982651710510254;6.0
-1.258291244506836;4.569481372833252;0.4027287364006042;6.0
-1.269820213317871;2.565840244293213;0.903178572654724;6.0
-1.2697796821594238;2.572883367538452;0.7974154949188232;6.0
-1.269820213317871;2.565840244293213;0.2034704685211181;6.0
0.5750064849853516;3.17039155960083;-1.5;0.0
-1.2697787284851074;2.5728836059570312;0.0979393720626831;6.0
-1.2697796821594238;2.572883367538452;-0.2029105722904205;6.0
-1.269819736480713;2.565840244293213;-0.3006205558776855;6.0
-1.269820213317871;2.565840244293213;-0.3984292149543762;6.0
-1.269820213317871;2.565840244293213;-0.503761351108551;6.0
-1.269820213317871;2.565840244293213;-0.6015702486038208;6.0
-1.269819259643555;2.565840244293213;-0.6993786096572876;6.0
-1.269820213317871;2.565840244293213;-0.9025202989578248;6.0
0.8730204105377197;4.929563522338867;0.8007564544677734;2.0
-1.269819736480713;2.565840244293213;-1.0003286600112915;6.0
-0.3409147262573242;4.929563522338867;-1.1995928287506104;2.0
-1.2697792053222656;2.5728836059570312;-1.0979390144348145;6.0
-1.269819259643555;2.565840244293213;-1.301278591156006;6.0
-0.925556182861328;2.66942834854126;1.499999761581421;1.0
-0.6238384246826172;2.7723159790039062;1.5;1.0
-1.0330772399902344;2.6704063415527344;1.5;1.0
0.1669511795043945;2.971370220184326;1.500000238418579;1.0
-0.2362618446350097;2.868080377578736;-1.5000001192092896;0.0
-1.242136001586914;2.670121669769287;1.4999998807907104;1.0
0.7700510025024414;3.171488046646118;-1.5;0.0
-0.822664737701416;2.7706212997436523;-1.5000001192092896;0.0
-1.2692146301269531;2.671016216278076;1.397811770439148;6.0
-1.269215106964111;2.671016216278076;1.300487995147705;6.0
-0.6326117515563965;3.171567678451538;1.5;1.0
-1.2692146301269531;2.671016216278076;1.0983542203903198;6.0
-1.2692146301269531;2.671016216278076;1.0010309219360352;6.0
-1.2692146301269531;2.671016216278076;0.7988971471786499;6.0
-1.2692146301269531;2.671016216278076;0.1999821066856384;6.0
-1.2692146301269531;2.671016216278076;-0.002151608467102;6.0
-1.243973731994629;4.929563522338867;0.1968227624893188;2.0
-1.2571067810058594;4.775269985198975;1.1007624864578247;6.0
-1.269215106964111;2.671016216278076;-0.1967991292476654;6.0
-1.2692146301269531;2.671016216278076;-0.3016092479228973;6.0
-1.269215106964111;2.671016216278076;-0.3989328742027282;6.0
-0.1259949207305908;4.929563522338867;1.201180934906006;2.0
-1.2692146301269531;2.671016216278076;-0.698390007019043;6.0
-1.269215106964111;2.671016216278076;-0.9978476762771606;6.0
-0.0351889133453369;4.671103000640869;-1.4999998807907104;0.0
-1.2692146301269531;2.671016216278076;-1.102657437324524;6.0
-1.2571396827697754;4.769614219665527;1.4855358600616455;6.0
-1.2692136764526367;2.671016216278076;-1.4021148681640625;6.0
-0.9334521293640136;2.7718987464904785;1.500000238418579;1.0
-0.529238224029541;2.8716981410980225;1.500000238418579;1.0
0.271099328994751;3.0725345611572266;1.5;1.0
-0.6249985694885254;2.8692822456359863;-1.5;0.0
-1.2686553001403809;2.7682442665100098;0.8003658056259155;6.0
-0.3247270584106445;4.929563522338867;0.9013786315917968;2.0
-1.1316394805908203;2.7692713737487797;1.5;1.0
-1.1390080451965332;2.760980129241944;-1.5;0.0
0.1678521633148193;3.070983409881592;-1.5000001192092896;0.0
-0.3326320648193359;2.970315456390381;1.4999996423721311;1.0
-1.2686553001403809;2.7682442665100098;-1.479931116104126;6.0
-0.338902473449707;2.9690542221069336;-1.5000001192092896;0.0
-0.2403030395507812;3.669515371322632;-1.5000001192092896;0.0
-1.2686548233032229;2.7682442665100098;1.001568078994751;6.0
-1.2686161994934082;2.775153636932373;0.5988014936447144;6.0
-1.2571392059326172;4.769614219665527;-0.0988474190235138;6.0
-1.2686152458190918;2.775153636932373;0.3976649045944214;6.0
0.3741383552551269;4.929563522338867;0.3997824788093567;2.0
-1.2686553001403809;2.7682442665100098;0.0998823046684265;6.0
-1.2686548233032229;2.7682442665100098;0.0030066967010498;6.0
-1.2686147689819336;2.775153875350952;-0.101451426744461;6.0
-1.2686553001403809;2.7682442665100098;-0.3993984460830688;6.0
-1.2686548233032229;2.7682442665100098;-0.4962737560272217;6.0
-1.2686548233032229;2.7682442665100098;-0.8018035888671875;6.0
-1.263476848602295;3.66811752319336;-0.4037074744701385;6.0
-1.2686543464660645;2.7682442665100098;-1.0030062198638916;6.0
-1.2686553001403809;2.7682442665100098;-1.0998811721801758;6.0
-1.258859634399414;4.47074556350708;1.2017444372177124;6.0
-0.8150372505187988;2.873283863067627;-1.5000001192092896;0.0
1.4679169654846191;3.3703393936157227;-1.5000001192092896;0.0
-0.923375129699707;2.8707516193389893;1.500000238418579;1.0
-0.9152188301086426;2.872358798980713;-1.499999761581421;0.0
-1.2657818794250488;3.2676329612731934;-1.2020193338394165;6.0
-0.0300192832946777;3.072741985321045;1.500000238418579;1.0
0.3716471195220947;3.172315120697021;-1.5;0.0
1.1678218841552734;3.6687169075012207;-1.5;0.0
-0.7345170974731445;2.9693329334259038;1.5;1.0
-1.2516846656799316;2.8676133155822754;1.5;1.0
-0.8255367279052734;3.771628618240357;1.5;1.0
-1.2680611610412598;2.871427059173584;-1.4825336933135986;6.0
-0.030139684677124;4.869244575500488;-1.5;0.0
0.2747082710266113;3.173513889312744;1.5;1.0
-1.258291244506836;4.569481372833252;-0.401210606098175;6.0
0.2621998786926269;3.166527271270752;-1.4999998807907104;0.0
-1.2623233795166016;3.8687610626220703;0.6969401836395264;6.0
0.7736241817474365;3.270504236221313;-1.5;0.0
-1.2680611610412598;2.871427059173584;0.6975793838500977;6.0
-1.2680621147155762;2.871426820755005;0.6011799573898315;6.0
-1.2680621147155762;2.871426820755005;0.4973650574684143;6.0
-1.268061637878418;2.871426820755005;0.4009655117988586;6.0
0.5664923191070557;4.929563522338867;-0.7003182172775269;2.0
-1.0157222747802734;4.570985317230225;-1.5;0.0
-1.2680606842041016;2.871427059173584;0.2007509469985962;6.0
1.2741467952728271;4.929563522338867;-0.5988560914993286;2.0
-1.268061637878418;2.871427059173584;0.0005363225936889;6.0
-1.2646183967590332;3.4698486328125;1.3980138301849363;6.0
-1.268061637878418;2.871427059173584;-0.1996780633926391;6.0
-0.6281375885009766;3.6736109256744394;1.499999761581421;1.0
-1.268061637878418;2.871426820755005;-0.399892508983612;6.0
-1.268061637878418;2.871426820755005;-0.5037071704864502;6.0
-1.268061637878418;2.871426820755005;-0.7039216160774231;6.0
1.170598030090332;4.47117805480957;-1.499999761581421;0.0
1.7725698947906494;3.470127582550049;-1.500000238418579;0.0
-0.3314342498779297;3.071115016937256;1.4999998807907104;1.0
-0.3376646041870117;3.0700137615203857;-1.5000001192092896;0.0
0.1687424182891845;3.1692793369293213;1.500000238418579;1.0
0.163935899734497;3.168442726135254;-1.5000001192092896;0.0
-0.9311962127685548;2.9714629650115967;1.5;1.0
-0.9393706321716307;2.97002911567688;-1.5;0.0
0.6733834743499756;3.26969313621521;-1.5;0.0
0.0791776180267334;4.929563522338867;-0.6997552514076233;2.0
0.0755102634429931;3.173025369644165;1.5;1.0
-0.4179368019104004;3.072821140289306;-1.5;0.0
-0.5351395606994629;3.0700151920318604;1.5;1.0
0.8730204105377197;4.929563522338867;0.6009247303009033;2.0
-0.0318160057067871;3.17029881477356;1.5;1.0
-1.12559175491333;2.970412254333496;1.5;1.0
-0.0264911651611328;3.171175718307495;-1.5;0.0
0.4685866832733154;3.270481586456299;-1.5000001192092896;0.0
-1.2572078704833984;2.9685163497924805;1.4999998807907104;1.0
0.8576760292053223;4.929563522338867;0.9683669805526732;2.0
-0.1172573566436767;3.1719229221343994;-1.5;0.0
0.1794197559356689;4.929563522338867;-0.6985966563224792;2.0
-1.2674736976623535;2.9736008644104004;1.0975775718688965;6.0
-1.2675113677978516;2.9668197631835938;1.0021381378173828;6.0
0.5759658813476562;4.929563522338867;-0.6008660197257996;2.0
0.1672167778015136;4.929563522338867;0.9984463453292848;2.0
-1.2675127983093262;2.966819524765014;0.6035367250442505;6.0
-1.2675127983093262;2.966819524765014;0.5001955032348633;6.0
-1.267512321472168;2.966819524765014;0.300894558429718;6.0
0.1549146175384521;4.929563522338867;1.3664113283157349;2.0
-1.2674741744995115;2.9736008644104004;0.1973263621330261;6.0
-1.2674741744995115;2.9736011028289795;-0.0019098818302154;6.0
-0.9207558631896972;4.929563522338867;-1.2986366748809814;2.0
-1.2675127983093262;2.966819524765014;-0.0977072417736053;6.0
-1.2674736976623535;2.9736008644104004;-0.2011458277702331;6.0
-1.2675127983093262;2.966819524765014;-0.3043896555900574;6.0
0.9756765365600586;4.929563522338867;-0.9001268744468689;2.0
-1.267512321472168;2.966819524765014;-0.4003493189811706;6.0
-1.2675118446350098;2.9668197631835938;-0.6956095695495605;6.0
0.9686079025268556;4.929563522338867;0.5004298686981201;2.0
-1.2674736976623535;2.9736011028289795;-0.9980895519256592;6.0
-1.2674736976623535;2.9736008644104004;-1.1973254680633545;6.0
-1.2674736976623535;2.9736011028289795;-1.3965613842010498;6.0
-1.2571392059326172;4.769614219665527;-0.5977596044540405;6.0
-0.8314895629882812;4.268436908721924;1.500000238418579;1.0
-0.8256402015686035;4.070334911346436;1.4999996423721311;1.0
0.969141960144043;3.369055986404419;-1.5;0.0
-0.2298436164855957;3.1699483394622803;1.5;1.0
-0.8310146331787109;3.0696072578430176;-1.5;0.0
-0.2357449531555175;3.1690242290496826;-1.5;0.0
0.2692625522613525;3.2715957164764404;1.5;1.0
-0.3302502632141113;3.170703887939453;1.4999998807907104;1.0
-1.1469125747680664;4.929563522338867;-0.6012473106384277;2.0
-0.9227347373962402;3.0739822387695312;1.500000238418579;1.0
-0.9308390617370604;3.0727343559265137;-1.5000001192092896;0.0
-0.3364415168762207;3.169760465621948;-1.5;0.0
1.467893362045288;3.4698874950408936;-1.5;0.0
-0.4420990943908691;3.1705307960510254;-1.5000001192092896;0.0
-1.1314105987548828;3.0680594444274902;1.5;1.0
0.5759658813476562;4.929563522338867;0.399563193321228;2.0
-0.5244765281677246;3.16975212097168;-1.5000001192092896;0.0
0.0720229148864746;3.271641969680786;1.5;1.0
0.6779108047485352;3.3700592517852783;-1.5;0.0
-1.2669305801391602;3.068065643310547;1.3988388776779177;6.0
-1.266930103302002;3.068065643310547;1.3033456802368164;6.0
-1.266352653503418;3.168331384658813;1.0972437858581543;6.0
-1.266930103302002;3.068065643310547;1.2005075216293335;6.0
-1.266930103302002;3.068065643310547;0.3998367190361023;6.0
-1.2669296264648438;3.068065643310547;0.0986669659614563;6.0
-1.2669305801391602;3.068065643310547;-0.0996641814708709;6.0
-1.2651777267456057;3.372502326965332;-0.6990339756011963;6.0
-1.2669296264648438;3.068065643310547;-0.1951572895050048;6.0
-1.2669296264648438;3.068065643310547;-0.8048422336578369;6.0
-1.266930103302002;3.068065643310547;-0.9003347754478455;6.0
-1.2669305801391602;3.068065643310547;-1.0986659526824951;6.0
-0.6397266387939453;3.1705572605133057;-1.5;0.0
-0.0295033454895019;3.272399425506592;-1.5;0.0
-0.7223701477050781;3.1707749366760254;1.4999998807907104;1.0
0.5722086429595947;3.372477769851685;-1.5000001192092896;0.0
-0.1241331100463867;3.2696871757507324;1.4999995231628418;1.0
-0.9304780960083008;3.1729676723480225;1.5;1.0
-0.2351508140563964;3.26528549194336;-1.5000001192092896;0.0
-0.7318377494812012;3.2706785202026367;1.5;1.0
0.4764065742492676;3.372866630554199;-1.5;0.0
-1.032428741455078;3.172149896621704;1.5;1.0
-1.0240273475646973;3.1732451915740967;-1.5000001192092896;0.0
1.7719581127166748;3.571551322937012;-1.5;0.0
0.3778159618377685;4.871128082275391;-1.5;0.0
-1.1299705505371094;3.1724190711975098;-1.5;0.0
-0.0253965854644775;4.271543025970459;1.5000004768371582;1.0
0.3322498798370361;3.349739551544189;1.499999761581421;1.0
-0.4324207305908203;3.2669124603271484;1.500000238418579;1.0
-1.1212234497070312;3.173532485961914;1.5;1.0
0.2728409767150879;3.369774341583252;1.4999996423721311;1.0
0.2683610916137695;3.369226694107056;-1.5;0.0
-1.2496991157531738;3.1704108715057373;1.4999998807907104;1.0
0.374138593673706;4.929563522338867;0.9013723134994508;2.0
-1.2663531303405762;3.1683316230773926;-1.4831995964050293;6.0
-0.5287728309631348;3.271782159805298;1.5;1.0
-1.266352653503418;3.168331384658813;1.396955490112305;6.0
-1.2663536071777344;3.1683311462402344;1.3019249439239502;6.0
-1.2663531303405762;3.1683311462402344;0.8998727798461914;6.0
-1.2663531303405762;3.1683311462402344;0.7975322008132935;6.0
-1.266352653503418;3.168331384658813;0.600161075592041;6.0
-1.266352653503418;3.168331384658813;0.402789831161499;6.0
-1.266352653503418;3.168331384658813;0.3004496097564697;6.0
-1.2663531303405762;3.1683311462402344;0.1981088519096374;6.0
-1.2663521766662598;3.168331384658813;-0.1016025245189666;6.0
-1.266352653503418;3.168331384658813;-0.4963447153568268;6.0
0.1676843166351318;3.5679874420166016;1.5;1.0
-1.266352653503418;3.1683316230773926;-0.8033661842346191;6.0
-1.2663531303405762;3.1683316230773926;-1.000737190246582;6.0
-1.2663531303405762;3.1683316230773926;-1.103077411651611;6.0
-1.2663536071777344;3.1683316230773926;-1.198108196258545;6.0
-1.266352653503418;3.1683316230773926;-1.4027888774871826;6.0
0.0685749053955078;3.369201183319092;1.5;1.0
0.7655606269836426;3.4696037769317627;-1.5000001192092896;0.0
-0.0272214412689209;3.373094320297241;1.5;1.0
-0.8174037933349609;3.272728681564331;-1.5;0.0
-1.2623229026794434;3.8687610626220703;-0.4964689612388611;6.0
-0.1266500949859619;3.372209310531616;1.4999998807907104;1.0
0.6673986911773682;3.47110366821289;-1.5;0.0
1.474879264831543;3.5711510181427;-1.500000238418579;0.0
-0.2358283996582031;3.365543842315674;-1.5;0.0
-1.126995086669922;3.269425392150879;1.500000238418579;1.0
-1.119849681854248;3.2765955924987797;-1.5;0.0
0.5777750015258789;3.4742109775543213;-1.5000001192092896;0.0
-0.3353352546691894;3.37093448638916;-1.5;0.0
-1.255152702331543;3.268749713897705;1.5;1.0
-1.2657818794250488;3.2676329612731934;-1.4784624576568604;6.0
0.4682865142822265;3.4717464447021484;-1.5000001192092896;0.0
-0.4319310188293457;3.3718769550323486;1.5;1.0
-1.2657442092895508;3.2742180824279785;1.4017536640167236;6.0
-1.2657442092895508;3.2742180824279785;0.7981380224227905;6.0
-1.2657818794250488;3.2676310539245605;0.5002874135971069;6.0
1.4744467735290527;4.47065544128418;-1.5;0.0
-1.2657432556152344;3.2742180824279785;0.398151159286499;6.0
-1.2657818794250488;3.2676310539245605;0.2965925931930542;6.0
-1.2657437324523926;3.2742180824279785;-0.0018346905708312;6.0
-1.2657809257507324;3.2676329612731934;-0.1035222113132476;6.0
-1.2657814025878906;3.2676329612731934;-0.2053698301315307;6.0
-1.2657818794250488;3.2676329612731934;-0.2999423742294311;6.0
-0.3335661888122558;4.869681358337402;1.5;1.0
0.2672977447509765;4.6679277420043945;-1.5;0.0
-1.2657818794250488;3.2676329612731934;-0.4017897546291351;6.0
-1.2657818794250488;3.2676329612731934;-0.5982097387313843;6.0
-1.2657814025878906;3.2676329612731934;-0.7000568509101868;6.0
-1.2657809257507324;3.2676329612731934;-0.8964767456054688;6.0
-1.2657442092895508;3.2742178440093994;-0.9981645941734314;6.0
-1.2657818794250488;3.2676329612731934;-1.1001715660095217;6.0
-1.2657818794250488;3.2676329612731934;-1.2965919971466064;6.0
-1.2657432556152344;3.2742180824279785;-1.3981506824493408;6.0
-0.5263252258300781;3.3735251426696777;1.5;1.0
-0.5182909965515137;3.368722438812256;-1.5;0.0
1.269000768661499;3.5704286098480225;-1.499999761581421;0.0
-0.6305351257324219;3.368970394134521;-1.5000001192092896;0.0
0.2663698196411133;3.4700851440429688;1.500000238418579;1.0
-0.5284590721130371;4.929563522338867;-0.8030855655670166;2.0
0.2796907424926758;3.4713313579559326;-1.5;0.0
1.171863079071045;3.5717437267303467;-1.5;0.0
-0.7265496253967285;3.371326446533203;1.500000238418579;1.0
-0.7192387580871582;3.3720197677612305;-1.5;0.0
0.1726455688476562;3.470679759979248;1.4999998807907104;1.0
0.1679422855377197;3.47025203704834;-1.5;0.0
0.2739753723144531;4.929563522338867;0.3013667464256286;2.0
1.3680925369262695;3.9709372520446777;-1.5;0.0
-1.2617545127868652;3.967587947845459;1.098537802696228;6.0
-0.8343563079833984;3.373076677322388;1.4999998807907104;1.0
1.0680031776428225;3.5697226524353027;-1.5;0.0
0.0739271640777587;3.471306324005127;1.499999761581421;1.0
0.0689671039581298;3.470867872238159;-1.5000001192092896;0.0
-1.2611560821533203;4.071524620056152;-0.3986495435237884;6.0
2.032146692276001;3.660282611846924;-1.4999998807907104;0.0
-1.0310215950012207;4.929563522338867;0.401305079460144;2.0
-0.9377789497375488;3.3696508407592773;-1.5;0.0
-0.0301926136016845;3.4719667434692383;1.4999998807907104;1.0
-0.7351880073547363;4.929563522338867;-0.800724446773529;2.0
-1.0291476249694824;3.367568254470825;1.5;1.0
-1.263441562652588;3.674448013305664;0.7014923095703125;6.0
-1.0374913215637207;3.3668198585510254;-1.4999998807907104;0.0
-0.0342350006103515;3.466683149337769;-1.5;0.0
-0.1279151439666748;3.46863341331482;1.5;1.0
-0.1236493587493896;3.474040031433105;-1.5;0.0
-1.243927001953125;3.374298572540283;1.4999998807907104;1.0
-0.1334590911865234;4.371088027954102;-1.5000001192092896;0.0
0.8700785636901855;3.571793556213379;-1.5000001192092896;0.0
0.5722141265869141;4.571744441986084;-1.5;0.0
-0.2319569587707519;3.4702048301696777;1.500000238418579;1.0
-1.2611560821533203;4.071524620056152;0.6008734703063965;6.0
-1.2651782035827637;3.372502088546753;-1.4806971549987793;6.0
1.8726751804351809;3.6697704792022714;-1.5000001192092896;0.0
-1.2651782035827637;3.372502088546753;1.399874925613403;6.0
-1.2651777267456057;3.372502326965332;1.1972215175628662;6.0
-1.2651777267456057;3.372502088546753;1.1031326055526731;6.0
-1.2651782035827637;3.372502088546753;1.0018060207366943;6.0
-1.2452044486999512;3.674901008605957;1.4999998807907104;1.0
-1.265178680419922;3.372502088546753;0.9004795551300049;6.0
-1.2651782035827637;3.372502088546753;0.7991527318954468;6.0
-1.2651772499084473;3.372502326965332;0.5024104118347168;6.0
-1.2651782035827637;3.372502088546753;0.4010835886001587;6.0
-1.2651782035827637;3.372502326965332;0.2997571229934692;6.0
-1.2651777267456057;3.372502088546753;0.1984302997589111;6.0
-1.2651772499084473;3.372502326965332;0.104341447353363;6.0
-1.2651782035827637;3.372502088546753;0.0030146837234497;6.0
-1.2651782035827637;3.372502088546753;-0.0983117222785949;6.0
-1.265178680419922;3.372502088546753;-0.1996385753154754;6.0
-0.8351130485534668;4.868434429168701;-1.4999998807907104;0.0
-1.2651777267456057;3.372502326965332;-0.3009653091430664;6.0
-1.265178680419922;3.372502088546753;-0.395054280757904;6.0
-1.2651777267456057;3.372502326965332;-0.604945182800293;6.0
-1.2651782035827637;3.372502088546753;-0.8003608584403992;6.0
-1.2651782035827637;3.372502088546753;-1.003014087677002;6.0
-1.2651777267456057;3.372502326965332;-1.1043405532836914;6.0
-1.265178680419922;3.372502088546753;-1.2997567653656006;6.0
-1.2651777267456057;3.372502088546753;-1.401082992553711;6.0
0.7681527137756348;3.5677170753479004;-1.5000001192092896;0.0
-0.329352855682373;3.4728264808654785;1.5;1.0
-0.4365129470825195;3.4697556495666504;-1.5;0.0
0.6709458827972412;3.572261333465576;-1.5;0.0
-1.257728099822998;4.667211532592773;-1.3981348276138306;6.0
1.7713608741760254;3.670640468597412;-1.5;0.0
-0.5239071846008301;3.4740123748779297;1.499999761581421;1.0
-0.517268180847168;3.4745137691497803;-1.5;0.0
-0.6343827247619629;3.4713473320007324;1.5;1.0
-0.6274023056030273;3.471865653991699;-1.5;0.0
-1.260599136352539;4.16835355758667;-0.3991475105285644;6.0
1.6718471050262451;3.6723792552948;-1.5;0.0
-0.7213277816772461;3.470677614212036;1.4999998807907104;1.0
0.4759986400604248;3.570775985717773;-1.5;0.0
-0.7432403564453125;3.469078779220581;-1.5000001192092896;0.0
-0.8268656730651855;3.46889591217041;1.5;1.0
-0.8359317779541016;3.474170684814453;-1.5000001192092896;0.0
1.570664405822754;3.6691181659698486;-1.5000001192092896;0.0
0.2510569095611572;3.568803548812866;1.5;1.0
-1.0297822952270508;3.4728596210479736;-1.5;0.0
0.2732431888580322;3.570251941680908;-1.5000001192092896;0.0
-1.0215082168579102;3.4734208583831787;1.5;1.0
-1.124201774597168;3.472738027572632;1.4999998807907104;1.0
0.1629996299743652;3.567687511444092;-1.5;0.0
-1.2493419647216797;3.470846176147461;1.5;1.0
-1.264617919921875;3.4698486328125;-1.4832212924957275;6.0
0.0655767917633056;3.566204309463501;-1.5;0.0
-1.264617919921875;3.4698486328125;1.2035303115844729;6.0
-1.2646188735961914;3.4698486328125;1.1026873588562012;6.0
-1.2623233795166016;3.8687610626220703;-0.3058057427406311;6.0
-1.2646174430847168;3.4698486328125;1.001843810081482;6.0
-1.2646183967590332;3.4698486328125;0.9010008573532104;6.0
-1.2646183967590332;3.4698486328125;0.6993143558502197;6.0
-1.264617919921875;3.4698486328125;0.3031446933746338;6.0
-1.2646183967590332;3.4698486328125;0.2023011445999145;6.0
-1.264617919921875;3.4698486328125;0.0006147623062133;6.0
-1.264617919921875;3.4698486328125;-0.2010716795921325;6.0
-1.2646174430847168;3.4698486328125;-0.2947118282318115;6.0
-1.264617919921875;3.4698486328125;-0.4963982105255127;6.0
-1.264617919921875;3.4698486328125;-0.7052874565124512;6.0
-1.2646183967590332;3.4698486328125;-0.7989278435707092;6.0
-1.2646183967590332;3.4698486328125;-1.1014572381973269;6.0
-1.2646188735961914;3.4698486328125;-1.202300786972046;6.0
1.3688268661499023;3.6695501804351807;-1.5;0.0
-0.0383455753326416;3.5694479942321777;-1.5;0.0
-0.1303837299346923;3.5689034461975098;1.499999761581421;1.0
-1.257695198059082;4.672930717468262;0.6011571884155273;6.0
-0.1261374950408935;3.574138641357422;-1.5000001192092896;0.0
1.27189040184021;3.670727252960205;-1.5;0.0
-0.238412857055664;3.567667007446289;-1.5000001192092896;0.0
-0.4346961975097656;3.5670998096466064;-1.5;0.0
-0.5334320068359375;3.567152500152588;1.4999998807907104;1.0
-0.5400881767272949;3.566796064376831;-1.5;0.0
0.9766278266906738;3.669847011566162;-1.5;0.0
-0.6229419708251953;3.567939281463623;-1.5;0.0
-0.7306456565856934;3.568014621734619;1.5;1.0
-0.7393221855163574;3.573315143585205;-1.4999998807907104;0.0
-0.8360528945922852;3.568476438522339;1.500000238418579;1.0
-0.6198806762695312;4.929563522338867;-1.4008597135543823;2.0
0.7697665691375732;3.667926788330078;-1.5000001192092896;0.0
-0.9305453300476074;3.569731950759888;1.5;1.0
-0.2303729057312011;4.929563522338867;-0.8017197251319885;2.0
0.0638256072998046;4.770688056945801;-1.5;0.0
-0.92264986038208;3.5701169967651367;-1.5000001192092896;0.0
0.6744303703308105;3.671633958816528;-1.5000001192092896;0.0
-1.2576942443847656;4.672930717468262;1.2991212606430054;6.0
-1.131403923034668;3.5724029541015625;1.5;1.0
-1.1228299140930176;3.5727992057800293;-1.5;0.0
0.7711694240570068;4.169642925262451;-1.5000001192092896;0.0
-1.254715919494629;3.5667026042938232;1.5;1.0
-1.264026165008545;3.572667360305786;1.101739525794983;6.0
-1.264027118682861;3.572667121887207;0.9010746479034424;6.0
-1.2640633583068848;3.566270589828491;0.801153302192688;6.0
-1.264063835144043;3.566270589828491;0.6004244089126587;6.0
-1.264026165008545;3.572667360305786;0.2990783452987671;6.0
-1.264026165008545;3.572667360305786;0.1987456679344177;6.0
-1.264027118682861;3.572667360305786;0.0984131097793579;6.0
-1.2640633583068848;3.566270589828491;-0.1021263003349304;6.0
-1.2640628814697266;3.566270589828491;-0.3028554320335388;6.0
-1.2640624046325684;3.566270589828491;-0.4032198190689087;6.0
-1.2640628814697266;3.566270589828491;-0.5967797040939331;6.0
-1.2640633583068848;3.566270589828491;-0.8978726863861084;6.0
-1.264026165008545;3.572667360305786;-1.1987450122833252;6.0
-1.264027118682861;3.572667360305786;-1.2990775108337402;6.0
-1.264063835144043;3.566270589828491;-1.3996950387954712;6.0
-1.2640633583068848;3.566270589828491;-1.4785523414611816;6.0
1.0706429481506348;4.929563522338867;-1.299401879310608;2.0
0.4669694900512695;3.671478986740112;-1.5;0.0
0.3692934513092041;3.672017097473145;-1.5;0.0
0.1709523200988769;3.6691601276397705;1.4999998807907104;1.0
0.0746333599090576;3.670358657836914;1.500000238418579;1.0
0.0795106887817382;3.6705288887023926;-1.4999998807907104;0.0
-0.0268843173980712;3.671620607376098;1.5;1.0
-0.0217385292053222;3.6717936992645264;-1.5000001192092896;0.0
-1.2623224258422852;3.8687610626220703;1.0994505882263184;6.0
-0.1328241825103759;3.6680595874786377;1.5;1.0
-0.1285972595214843;3.673130035400391;-1.5;0.0
2.0234858989715576;3.731637716293335;-1.5000001192092896;0.0
-0.3296189308166504;3.6718015670776367;1.4999998807907104;1.0
-0.3343563079833984;3.6664719581604;-1.5;0.0
1.968554139137268;3.7683823108673096;-1.5000001192092896;0.0
1.4556519985198977;4.929563522338867;-0.5994930863380432;2.0
-0.5323247909545898;3.670924663543701;1.4999998807907104;1.0
-0.5389385223388672;3.670728921890259;-1.5;0.0
-0.7340602874755859;3.6705822944641113;-1.5000001192092896;0.0
0.066227912902832;4.929563522338867;1.1016547679901123;2.0
-0.6198954582214355;3.668312549591065;-1.5;0.0
1.770155668258667;3.769983291625977;-1.5;0.0
-0.8314719200134277;3.6735928058624263;1.5;1.0
-0.8225226402282715;3.668052911758423;-1.5000001192092896;0.0
-0.9237923622131348;3.6710689067840576;1.5;1.0
0.2739748954772949;4.929563522338867;-0.8019310235977173;2.0
-1.0445127487182615;3.6677684783935542;-1.5;0.0
-0.9159607887268066;3.671283006668091;-1.5000001192092896;0.0
1.469026803970337;4.869305610656738;-1.499999761581421;0.0
0.5664923191070557;4.929563522338867;-0.898571252822876;2.0
1.6730718612670898;3.771181344985962;-1.5000001192092896;0.0
-1.261754035949707;3.967587947845459;1.000165939331055;6.0
-1.1214637756347656;3.67182207107544;1.4999996423721311;1.0
0.1794190406799316;4.929563522338867;-1.0023328065872192;2.0
-1.1456298828125;3.665004014968872;-1.5;0.0
1.5738904476165771;3.769832611083984;-1.4999998807907104;0.0
-1.2634406089782717;3.674448013305664;1.4002825021743774;6.0
-1.263476848602295;3.66811752319336;1.3010228872299194;6.0
-1.2634410858154297;3.674448013305664;1.2006281614303589;6.0
-1.2634406089782717;3.674448013305664;1.0009735822677612;6.0
1.2741472721099854;4.929563522338867;-1.000557780265808;2.0
-0.1259946823120117;4.929563522338867;1.09916090965271;2.0
-1.263441562652588;3.674448013305664;0.6016647815704346;6.0
-1.1276025772094729;4.170383453369141;1.500000238418579;1.0
-1.2634410858154297;3.674448013305664;0.5018378496170044;6.0
-1.2634406089782717;3.674448013305664;0.402010440826416;6.0
-0.7191057205200195;4.06951379776001;-1.4999998807907104;0.0
-1.2634773254394531;3.66811752319336;0.2953035235404968;6.0
-1.2634773254394531;3.66811752319336;0.1954448223114013;6.0
-1.2634773254394531;3.66811752319336;-0.0042727887630462;6.0
0.6762843132019043;4.929563522338867;-1.4006471633911133;2.0
-1.263476848602295;3.6681177616119385;-0.2039901614189148;6.0
-1.263476848602295;3.66811752319336;-0.3038488030433655;6.0
-1.263476848602295;3.6681177616119385;-0.4964333772659302;6.0
0.6674463748931885;4.929563522338867;-1.0005888938903809;2.0
-1.2634773254394531;3.66811752319336;-0.5962920188903809;6.0
-1.2634773254394531;3.66811752319336;-0.6961504817008972;6.0
-1.263476848602295;3.66811752319336;-0.8958677649497986;6.0
1.268646001815796;4.929563522338867;-0.5015727877616882;2.0
-1.263477802276611;3.66811752319336;-1.0955852270126345;6.0
-1.2634410858154297;3.674448013305664;-1.4020098447799685;6.0
-1.2634406089782717;3.674448013305664;-1.480445146560669;6.0
1.273946762084961;3.772019624710083;-1.5;0.0
1.1719160079956057;3.770885944366455;-1.5;0.0
0.9738776683807372;3.772188186645508;-1.5;0.0
-0.9207563400268556;4.929563522338867;-1.0003129243850708;2.0
1.0717120170593262;3.76977276802063;-1.499999761581421;0.0
0.8697082996368408;3.771160364151001;-1.5;0.0
0.5784475803375244;3.7722787857055664;-1.5;0.0
0.6769006252288818;3.773128032684326;-1.5;0.0
0.2317852973937988;3.756011724472046;1.500000238418579;1.0
0.1730613708496093;3.7732744216918954;1.5;1.0
0.070120096206665;3.767892837524414;1.500000238418579;1.0
-0.1256341934204101;3.771068811416626;1.500000238418579;1.0
-0.2206721305847168;3.775346279144287;-1.4999998807907104;0.0
-0.1310312747955322;3.771028757095337;-1.4999998807907104;0.0
-0.0258495807647705;3.77180552482605;-1.5;0.0
-0.329749584197998;3.769561529159546;1.5;1.0
-0.4274559020996094;3.7688398361206055;1.4999998807907104;1.0
-0.4337191581726074;3.76879358291626;-1.5;0.0
-0.5299077033996582;3.768083333969116;1.5;1.0
-0.6250743865966797;3.772860050201416;1.5;1.0
1.0706424713134766;4.929563522338867;-0.799561619758606;2.0
-0.723081111907959;3.772258043289185;1.4999998807907104;1.0
-0.730250358581543;3.772215604782105;-1.5;0.0
-1.0286879539489746;3.77038049697876;1.5;1.0
-1.1286039352416992;3.769766569137573;1.5;1.0
-1.0368614196777344;3.770332098007202;-1.5;0.0
-1.250535488128662;3.769017457962036;1.4999998807907104;1.0
-1.26289701461792;3.768941402435303;1.3984475135803225;6.0
-1.262897491455078;3.768941402435303;1.2990895509719849;6.0
0.0686123371124267;3.968628168106079;1.500000238418579;1.0
-1.262897491455078;3.768941402435303;1.10037362575531;6.0
1.4692792892456057;4.771048545837402;-1.5;0.0
-1.2628602981567385;3.775210380554199;1.0005450248718262;6.0
-1.2628607749938965;3.775210380554199;0.9012185335159302;6.0
1.3687338829040527;4.929563522338867;-0.2009322941303253;2.0
-1.262861728668213;3.775210380554199;0.8018916845321655;6.0
-1.2628607749938965;3.775210380554199;0.7025648355484009;6.0
-1.262897491455078;3.768941402435303;0.4971287846565246;6.0
-1.262897491455078;3.768943309783936;0.2984127998352051;6.0
-1.262897491455078;3.768943309783936;0.1990545392036438;6.0
-1.26289701461792;3.768943309783936;0.0996968150138855;6.0
1.373755693435669;4.929563522338867;0.599010705947876;2.0
-1.2628607749938965;3.775210380554199;0.0001818537712097;6.0
-1.262897491455078;3.768943309783936;-0.3048320710659027;6.0
-1.262897491455078;3.768943309783936;-0.794525146484375;6.0
-1.262861251831055;3.775210380554199;-1.0001814365386963;6.0
-1.26289701461792;3.768943309783936;-1.1990540027618408;6.0
-1.26289701461792;3.768943309783936;-1.2984117269515991;6.0
-0.3311333656311035;3.871272087097168;1.5;1.0
-0.4270129203796386;3.867755889892578;1.500000238418579;1.0
1.8698807954788208;3.870753288269043;-1.4999998807907104;0.0
-0.6220483779907227;3.870887756347656;1.5;1.0
-0.8345794677734375;3.868622303009033;1.5;1.0
-1.262287139892578;3.874965906143189;1.402505874633789;6.0
-1.2623224258422852;3.8687610626220703;1.2971751689910889;6.0
-1.2623224258422852;3.8687610626220703;1.198312759399414;6.0
-1.262287139892578;3.874965906143189;0.8024576902389526;6.0
-1.2623229026794434;3.8687610626220703;0.598077654838562;6.0
-1.2623224258422852;3.8687610626220703;0.4992154836654663;6.0
-1.2623229026794434;3.8687610626220703;0.1955668926239013;6.0
-1.2623224258422852;3.8687610626220703;0.0967048406600952;6.0
-1.2623224258422852;3.8687610626220703;-0.0021576881408691;6.0
-1.2623224258422852;3.8687610626220703;-0.1010199189186096;6.0
-1.26228666305542;3.874965906143189;-0.199975699186325;6.0
-1.2623233795166016;3.8687610626220703;-0.4046682715415954;6.0
-1.2623229026794434;3.8687610626220703;-0.5953311920166016;6.0
-1.2623224258422852;3.8687610626220703;-0.6941932439804077;6.0
-1.26228666305542;3.874965906143189;-0.8000237941741943;6.0
-1.2623224258422852;3.8687610626220703;-0.8989793658256531;6.0
-1.2623229026794434;3.8687610626220703;-0.9978418350219728;6.0
-1.2623229026794434;3.8687610626220703;-1.0967040061950684;6.0
-1.2623229026794434;3.8687610626220703;-1.1955664157867432;6.0
-1.2622876167297363;3.874965906143189;-1.30124032497406;6.0
-1.2622876167297363;3.874965906143189;-1.4000720977783203;6.0
-1.1287274360656738;3.8729867935180655;-1.5;0.0
-1.029313087463379;3.8715124130249023;-1.5;0.0
-0.842066764831543;3.868735074996948;-1.4999998807907104;0.0
-0.6411986351013184;3.865756034851074;-1.5;0.0
-0.4332385063171386;3.8678557872772217;-1.5000001192092896;0.0
-0.3358197212219238;3.866291284561157;-1.5;0.0
0.1682007312774658;3.8670833110809326;1.499999761581421;1.0
-0.0248246192932128;3.870656490325928;1.499999761581421;1.0
-0.1292593479156494;3.872589588165283;1.499999761581421;1.0
-0.2282600402832031;3.874422073364258;1.5;1.0
-0.222630500793457;3.8743178844451904;-1.5;0.0
1.859119176864624;4.267541408538818;-1.5;0.0
-0.1334378719329834;3.86785626411438;-1.5;0.0
-0.0299153327941894;3.870750665664673;-1.5;0.0
0.5683832168579102;3.871514320373535;-1.5000001192092896;0.0
0.7710778713226318;3.8707122802734375;-1.5;0.0
0.8686397075653076;3.8720004558563232;-1.5;0.0
-0.3338093757629394;4.569131851196289;1.5;1.0
1.0675265789031982;3.87043023109436;-1.4999998807907104;0.0
1.175919532775879;3.8708207607269287;-1.5000001192092896;0.0
1.3693134784698486;3.8685414791107178;-1.5;0.0
1.7734298706054688;3.871851921081543;-1.5000001192092896;0.0
0.5664918422698975;4.929563522338867;1.0963512659072876;2.0
1.958040714263916;3.86750864982605;-1.5;0.0
1.4556524753570557;4.929563522338867;0.098401665687561;2.0
-1.1273517608642578;3.969114065170288;1.5;1.0
-1.26171875;3.973732948303223;1.4000892639160156;6.0
-1.26171875;3.973732948303223;1.3017483949661257;6.0
-1.2617545127868652;3.967587947845459;1.1969093084335327;6.0
-1.2617182731628418;3.973732948303223;0.901360034942627;6.0
-1.2617182731628418;3.973732948303223;0.8030186891555786;6.0
-1.261754035949707;3.967587947845459;0.698025107383728;6.0
-1.2617549896240234;3.967587947845459;0.5996534824371338;6.0
-1.26171875;3.973732948303223;0.5009715557098389;6.0
-1.261754035949707;3.967589855194092;0.2975125312805176;6.0
-1.2617545127868652;3.967589855194092;0.1991407871246338;6.0
-1.26171875;3.973732948303223;0.1005831360816955;6.0
-1.261754035949707;3.967589855194092;-0.10300013422966;6.0
-1.261754035949707;3.967589855194092;-0.2013719081878662;6.0
-1.2617545127868652;3.967589855194092;-0.2997434139251709;6.0
-1.2617535591125488;3.967589855194092;-0.405141532421112;6.0
-1.261754035949707;3.967589855194092;-0.496486485004425;6.0
-1.261754035949707;3.967589855194092;-0.700255811214447;6.0
-1.261754035949707;3.967589855194092;-0.995370626449585;6.0
-1.2617182731628418;3.973732948303223;-1.4798974990844729;6.0
-1.1189584732055664;3.968825578689575;-1.4999998807907104;0.0
-0.8300819396972656;3.970126152038574;1.5;1.0
0.2783355712890625;3.971864700317383;-1.5000001192092896;0.0
-0.934908390045166;3.9682440757751465;1.499999761581421;1.0
-1.0299286842346191;3.971626043319702;1.500000238418579;1.0
-1.0218663215637207;3.971338987350464;-1.5;0.0
-0.6326107978820801;3.9682281017303462;1.499999761581421;1.0
-0.729860782623291;3.9719252586364746;1.500000238418579;1.0
-0.8241972923278809;4.267699718475342;-1.5;0.0
-0.8375144004821777;3.970399618148804;-1.5;0.0
-0.7214069366455078;3.9661264419555664;-1.5;0.0
-0.4278512001037597;3.970678329467773;1.5;1.0
-0.4340405464172363;3.9709300994873047;-1.4999998807907104;0.0
-0.3325028419494629;3.971820116043091;1.500000238418579;1.0
-0.2245683670043945;3.972186803817749;-1.5;0.0
-0.0288710594177246;3.9684226512908936;1.5;1.0
0.1520347595214843;3.969250679016113;1.499999761581421;1.0
-0.5284581184387207;4.929563522338867;0.9021267890930176;2.0
0.376990795135498;3.971158981323242;-1.4999998807907104;0.0
0.4702014923095703;3.970493793487549;-1.499999761581421;0.0
-0.1259899139404297;4.929563522338867;0.2013857364654541;2.0
0.5728127956390381;3.9691061973571777;-1.5;0.0
0.6692180633544922;3.967803955078125;-1.5000001192092896;0.0
0.7717163562774658;3.969564914703369;-1.5;0.0
0.9693560600280762;3.9686431884765625;-1.5;0.0
-1.2611560821533203;4.071524620056152;1.481572151184082;6.0
-1.2611560821533203;4.071524620056152;1.3976956605911257;6.0
-1.2611565589904783;4.071524620056152;1.299840807914734;6.0
-1.2611560821533203;4.071524620056152;1.097140192985535;6.0
-1.2611560821533203;4.071524620056152;0.9992846250534058;6.0
-1.2611560821533203;4.071524620056152;0.9014294147491456;6.0
-1.2611560821533203;4.071524620056152;0.398172914981842;6.0
-1.2611560821533203;4.071524620056152;0.3003177642822265;6.0
-1.2611560821533203;4.071524620056152;0.2024620771408081;6.0
-1.261155605316162;4.071524620056152;0.0976172685623169;6.0
-1.2611560821533203;4.071524620056152;-0.1959490776062011;6.0
-1.2611560821533203;4.071524620056152;-0.3007941246032715;6.0
-1.261155605316162;4.071524620056152;-0.4965049028396606;6.0
-1.2611560821533203;4.071524620056152;-0.6013500094413757;6.0
-1.2611570358276367;4.071524620056152;-0.9019056558609008;6.0
-1.2611560821533203;4.071524620056152;-0.9997612237930298;6.0
-1.2611565589904783;4.071524620056152;-1.09761643409729;6.0
-1.2611565589904783;4.071524620056152;-1.3003168106079102;6.0
-1.2611565589904783;4.071524620056152;-1.482048273086548;6.0
-1.1358590126037598;4.070722579956055;1.4999998807907104;1.0
-1.1427831649780271;4.065164566040039;-1.5;0.0
0.7712128162384033;4.769922733306885;-1.5000001192092896;0.0
-0.5277433395385742;4.473006248474121;1.5;1.0
1.1703886985778809;3.969205617904663;-1.5;0.0
-1.022512435913086;4.070286273956299;1.500000238418579;1.0
-0.9219951629638672;4.070311069488525;-1.5;0.0
-0.8330192565917969;4.070766925811768;-1.5;0.0
1.26918625831604;3.9688680171966553;-1.5;0.0
-0.726142406463623;4.069933891296387;1.4999998807907104;1.0
-0.5280294418334961;4.073639869689941;1.5;1.0
1.4742615222930908;3.971745491027832;-1.5;0.0
-0.3338551521301269;4.071222305297852;1.5;1.0
-0.1257920265197754;4.071599006652832;1.4999996423721311;1.0
-0.0201067924499511;4.073375225067139;-1.5;0.0
1.7710227966308594;3.9713757038116455;-1.4999998807907104;0.0
0.0715248584747314;4.071241855621338;1.4999998807907104;1.0
0.0762808322906494;4.070895195007324;-1.5;0.0
0.1370460987091064;4.066465377807617;1.5000004768371582;1.0
0.2710576057434082;4.069280624389648;-1.4999998807907104;0.0
1.8704932928085327;3.969768524169922;-1.5;0.0
-0.9269113540649414;4.567501068115234;-1.5000001192092896;0.0
-1.245460033416748;4.173255920410156;1.4999996423721311;1.0
-1.2605648040771484;4.174375057220459;1.4016982316970823;6.0
-1.2605996131896973;4.16835355758667;0.998873233795166;6.0
0.3741371631622314;4.929563999176025;-0.8013938665390015;2.0
-1.260563850402832;4.174375057220459;0.9010684490203856;6.0
-1.260563850402832;4.174375057220459;0.6020809412002563;6.0
-1.2605986595153809;4.16835355758667;0.4980897903442383;6.0
-1.2605633735656738;4.174375057220459;0.4004383683204651;6.0
-1.2605648040771484;4.174375057220459;0.3030940890312195;6.0
-1.260563850402832;4.174375057220459;0.101451575756073;6.0
-1.260599136352539;4.16835355758667;-0.0026939511299133;6.0
-1.2605981826782229;4.16835355758667;-0.1000683009624481;6.0
-1.2605986595153809;4.16835355758667;-0.3017729520797729;6.0
-1.260599136352539;4.16835355758667;-0.4965220987796783;6.0
-1.0310211181640625;4.929563522338867;1.4777745008468628;2.0
-1.2605981826782229;4.16835355758667;-0.6982263326644897;6.0
-1.260599136352539;4.16835355758667;-0.7956011295318604;6.0
-1.2605986595153809;4.16835355758667;-0.8999307155609131;6.0
-1.2605648040771484;4.174375057220459;-1.303093194961548;6.0
-1.2605986595153809;4.16835355758667;-1.484178066253662;6.0
-1.1359434127807615;4.171011447906494;-1.5;0.0
0.4746341705322265;4.073424816131592;-1.5;0.0
-0.9168953895568848;4.17133092880249;-1.5000001192092896;0.0
0.5752384662628174;4.072763442993164;-1.4999998807907104;0.0
-0.8284807205200195;4.370737552642822;1.5;1.0
-0.8359246253967285;4.170445442199707;1.500000238418579;1.0
-0.8285818099975586;4.169857501983643;-1.5;0.0
-0.5284581184387207;4.929563522338867;-0.4008595049381256;2.0
-1.2600131034851074;4.270197868347168;0.2022991180419922;6.0
-0.723823070526123;4.172196865081787;1.499999761581421;1.0
-1.1469130516052246;4.929563522338867;-1.398163080215454;2.0
0.6707460880279541;4.068365097045898;-1.5;0.0
0.7714409828186035;4.070432186126709;-1.5000001192092896;0.0
1.432225227355957;4.929563522338867;0.6564725637435913;2.0
-0.5333981513977051;4.171888828277588;-1.5;0.0
-0.3247814178466797;4.173434734344482;1.5;1.0
0.975933074951172;4.07206916809082;-1.5;0.0
-0.2295794486999511;4.169551372528076;-1.5;0.0
-0.1293501853942871;4.1695990562438965;1.500000238418579;1.0
-0.0291059017181396;4.169160842895508;1.4999998807907104;1.0
-1.2600126266479492;4.270197868347168;1.482351303100586;6.0
-0.328737735748291;4.371031284332275;1.5;1.0
-1.2600131034851074;4.270197868347168;1.1986641883850098;6.0
-1.2600126266479492;4.270197868347168;1.101795315742493;6.0
-1.2600135803222656;4.270198345184326;0.9980074167251588;6.0
-1.2600135803222656;4.270197868347168;0.4998248815536499;6.0
-1.2600131034851074;4.270197868347168;0.0016423463821411;6.0
-1.2600126266479492;4.270197868347168;-0.2958833277225494;6.0
-0.5284581184387207;4.929563522338867;-1.3016194105148315;2.0
-1.2582907676696775;4.569481372833252;0.7978851795196533;6.0
-1.260012149810791;4.270197868347168;-0.7041159272193909;6.0
-1.2600126266479492;4.270197868347168;-0.8978535532951355;6.0
-1.260012149810791;4.270197868347168;-1.0016417503356934;6.0
-1.2600131034851074;4.270197868347168;-1.202298641204834;6.0
-1.2600126266479492;4.270197868347168;-1.402955412864685;6.0
-1.2600126266479492;4.270197868347168;-1.4790663719177246;6.0
-0.0252578258514404;4.173284530639648;-1.5;0.0
-1.127725601196289;4.269493579864502;-1.4999998807907104;0.0
0.0696585178375244;4.172764301300049;-1.5000001192092896;0.0
1.26971173286438;4.070363998413086;-1.5000001192092896;0.0
-1.2594327926635742;4.370989799499512;-1.1023013591766355;6.0
-1.0331816673278809;4.271841526031494;-1.5;0.0
0.1243231296539306;4.154338836669922;1.5000004768371582;1.0
-0.9332475662231444;4.267632961273193;1.500000238418579;1.0
-0.940894603729248;4.268389701843262;-1.5;0.0
-0.7341375350952148;4.26920747756958;1.5;1.0
-0.7411456108093262;4.269935607910156;-1.5000001192092896;0.0
0.3749279975891113;4.170270442962647;-1.5;0.0
-0.9207549095153807;4.929563522338867;0.3980785012245178;2.0
-0.5272417068481445;4.273077964782715;1.4999998807907104;1.0
-0.5323281288146973;4.268572807312012;-1.5;0.0
0.1709132194519043;4.268307685852051;-1.4999998807907104;0.0
1.5731472969055176;4.071517467498779;-1.5000001192092896;0.0
-1.0310215950012207;4.929563522338867;1.2994248867034912;2.0
-0.4303121566772461;4.272340774536133;1.500000238418579;1.0
-0.4351396560668945;4.2679362297058105;-1.5;0.0
0.5654091835021973;4.168498516082764;-1.5000001192092896;0.0
-0.3261580467224121;4.270313739776611;1.5;1.0
1.6721835136413574;4.0717082023620605;-1.5;0.0
-0.2283287048339843;4.273212432861328;1.5;1.0
0.4784011840820312;4.929563522338867;-0.9998164176940918;2.0
-1.2430033683776855;4.369132995605469;1.5;1.0
-1.2594332695007324;4.370989799499512;1.3000222444534302;6.0
-1.1469125747680664;4.929563522338867;0.5026774406433105;2.0
-1.2594332695007324;4.370989799499512;0.9007821083068848;6.0
-1.2594327926635742;4.370989799499512;0.7975304126739502;6.0
-1.2594327926635742;4.370989799499512;0.7011623382568359;6.0
-1.2594327926635742;4.370989799499512;0.5979104042053223;6.0
-1.2594332695007324;4.370989799499512;0.501542329788208;6.0
-1.2594332695007324;4.370989799499512;0.3982903957366943;6.0
-1.2594332695007324;4.370989799499512;0.1986703872680664;6.0
-1.2594327926635742;4.370989799499512;0.1023020148277282;6.0
-1.2594327926635742;4.370989799499512;-0.0009497106075286;6.0
-0.5284581184387207;4.929563522338867;0.4999006390571594;2.0
-1.2594332695007324;4.370989799499512;-0.0973179638385772;6.0
-0.5284585952758789;4.929563522338867;0.6981812715530396;2.0
-1.2594332695007324;4.37099027633667;-0.2969380021095276;6.0
-1.2594332695007324;4.370989799499512;-0.4965580403804779;6.0
-1.2594332695007324;4.37099027633667;-0.7030612826347351;6.0
-1.2594337463378906;4.370989799499512;-0.7994298338890076;6.0
-1.2594337463378906;4.37099027633667;-0.9026813507080078;6.0
-1.2594327926635742;4.370989799499512;-0.9990498423576356;6.0
-0.2303724288940429;4.929563522338867;-0.602321982383728;2.0
-1.2588586807250977;4.47074556350708;0.7977083921432495;6.0
-1.2594327926635742;4.370989799499512;-1.1986699104309082;6.0
-1.2594327926635742;4.370989799499512;-1.3019213676452637;6.0
-1.2594327926635742;4.370989799499512;-1.398289918899536;6.0
-1.2594332695007324;4.370989799499512;-1.4808909893035889;6.0
-0.6198797225952148;4.929563522338867;0.0996078848838806;2.0
-1.1210808753967283;4.372559547424316;-1.5000001192092896;0.0
-1.2571067810058594;4.775269985198975;-1.0021334886550903;6.0
-1.0337648391723633;4.3680100440979;1.499999761581421;1.0
-1.0258560180664062;4.367079257965088;-1.5000001192092896;0.0
1.7736072540283203;4.070394039154053;-1.5000001192092896;0.0
-0.9295153617858888;4.372237682342529;1.4999998807907104;1.0
-0.9371085166931152;4.373157501220703;-1.5;0.0
0.0689258575439453;4.2685418128967285;1.5;1.0
-0.8212399482727051;4.369844436645508;-1.5;0.0
0.9724493026733398;4.171184539794922;-1.5;0.0
1.86995542049408;4.070797443389893;-1.4999998807907104;0.0
0.2704617977142334;4.271737575531006;-1.5;0.0
-0.5262155532836914;4.3684611320495605;1.4999998807907104;1.0
-0.5325508117675781;4.369295120239258;-1.5000001192092896;0.0
1.1751136779785156;4.171694278717041;-1.5;0.0
-0.4359145164489746;4.366355419158936;-1.5;0.0
0.3654811382293701;4.270882606506348;-1.5;0.0
-1.2588582038879397;4.47074556350708;1.48251473903656;6.0
-0.2303729057312011;4.929563522338867;-1.2005149126052856;2.0
-1.2588586807250977;4.47074556350708;1.400338053703308;6.0
-0.2303733825683593;4.929563522338867;-1.4786221981048584;2.0
-1.2588586807250977;4.47074556350708;1.2976174354553225;6.0
0.0791778564453125;4.929563522338867;0.2003476619720459;2.0
-0.2303733825683593;4.929563522338867;-0.702021062374115;2.0
-1.2588582038879397;4.47074556350708;0.503241777420044;6.0
-1.258859157562256;4.47074556350708;0.2977997660636902;6.0
-1.2588586807250977;4.47074556350708;0.0992059111595153;6.0
0.6762785911560059;4.929563522338867;1.001082181930542;2.0
-0.2303733825683593;4.929563522338867;0.2005156278610229;2.0
-1.2588586807250977;4.47074556350708;0.0033329725265502;6.0
-0.2303733825683593;4.929563522338867;0.699009895324707;2.0
-1.258859157562256;4.47074556350708;-0.0993880033493042;6.0
-1.258859157562256;4.47074556350708;-0.297981858253479;6.0
-1.258859157562256;4.47074556350708;-0.5992966890335083;6.0
-0.2303738594055175;4.929563522338867;1.4808586835861206;2.0
-1.2588586807250977;4.47074556350708;-0.9006112813949585;6.0
-1.2588586807250977;4.47074556350708;-1.0992052555084229;6.0
-0.7266063690185547;4.773551940917969;1.499999761581421;1.0
-1.2588582038879397;4.47074556350708;-1.482696533203125;6.0
-1.121232509613037;4.469505310058594;1.500000238418579;1.0
-0.3242139816284179;4.375149726867676;-1.5;0.0
0.469367504119873;4.271926403045654;-1.5;0.0
1.2702279090881348;4.169785499572754;-1.5000001192092896;0.0
-0.2313761711120605;4.371448040008545;1.500000238418579;1.0
-0.9244413375854492;4.469879150390625;1.500000238418579;1.0
1.3729281425476074;4.1713690757751465;-1.5;0.0
-0.1282565593719482;4.370329856872559;1.5;1.0
-0.825507640838623;4.471761226654053;1.5;1.0
-0.1259899139404297;4.929563522338867;-1.400323510169983;2.0
-0.0304582118988037;4.369270324707031;1.499999761581421;1.0
-0.0353989601135253;4.370006084442139;-1.4999998807907104;0.0
-0.7363896369934082;4.469200611114502;-1.5;0.0
0.7700142860412598;4.270830154418945;-1.5;0.0
0.0530099868774414;4.369696617126465;1.500000238418579;1.0
-0.6268520355224609;4.473277568817139;1.4999998807907104;1.0
-0.632148265838623;4.469017505645752;-1.5;0.0
0.1630220413208007;4.369539260864258;-1.5;0.0
0.8726060390472412;4.271509647369385;-1.5;0.0
-1.2582907676696775;4.569481372833252;1.3974332809448242;6.0
-1.2582907676696775;4.569481372833252;1.3020508289337158;6.0
-1.2582907676696775;4.569481372833252;1.1998549699783323;6.0
-1.2582907676696775;4.569481372833252;1.0022765398025513;6.0
-1.258289813995361;4.569480895996094;0.9000809192657471;6.0
-1.2582907676696775;4.569481372833252;0.7025028467178345;6.0
-1.2582907676696775;4.569481372833252;0.6003069877624512;6.0
-1.2582902908325195;4.569481372833252;0.102954626083374;6.0
-1.258291244506836;4.569481372833252;0.0007590651512145;6.0
-1.2582907676696775;4.569481372833252;-0.1014366745948791;6.0
-1.258291244506836;4.569481372833252;-0.2990149259567261;6.0
-1.258291244506836;4.569481372833252;-0.5034060478210449;6.0
0.468285322189331;4.929563522338867;0.0996455550193786;2.0
-1.2582907676696775;4.569481372833252;-0.7009843587875366;6.0
-1.2582902908325195;4.569480895996094;-1.000758409500122;6.0
-1.2582902908325195;4.569481372833252;-1.1029539108276367;6.0
-0.4319028854370117;4.467726707458496;1.4999996423721311;1.0
-1.137712001800537;4.568032264709473;-1.5;0.0
-0.2235097885131836;4.571130752563477;-1.4999998807907104;0.0
0.277982234954834;4.3715434074401855;-1.5000001192092896;0.0
-0.3312859535217285;4.4706315994262695;1.499999761581421;1.0
0.3709166049957275;4.371997833251953;-1.5;0.0
-0.9344110488891602;4.568720817565918;1.4999996423721311;1.0
1.7703073024749756;4.57008171081543;-1.5000001192092896;0.0
1.0674591064453125;4.271006107330322;-1.5;0.0
-0.2246999740600586;4.471576690673828;1.5;1.0
-0.8225727081298828;4.571532249450684;1.5;1.0
0.4737074375152588;4.369879722595215;-1.5000001192092896;0.0
1.7700765132904053;4.170119285583496;-1.4999998807907104;0.0
1.3687336444854736;4.929563522338867;0.0004498362541198;2.0
-0.735379695892334;4.57237720489502;-1.5;0.0
-0.0267870426177978;4.468806266784668;1.500000238418579;1.0
-0.6252255439758301;4.568605422973633;1.4999998807907104;1.0
-0.631782054901123;4.569747924804688;-1.5;0.0
-0.0230212211608886;4.4724626541137695;-1.5000001192092896;0.0
-1.257695198059082;4.672930717468262;1.4820826053619385;6.0
-1.257695198059082;4.672930717468262;1.4007666110992432;6.0
-1.2577276229858398;4.667211532592773;1.197983980178833;6.0
-1.257695198059082;4.672930717468262;1.0009618997573853;6.0
-1.257728099822998;4.667211532592773;0.8997355699539185;6.0
-1.257728099822998;4.667211532592773;0.7980597019195557;6.0
-1.257728099822998;4.667212009429932;0.4998112916946411;6.0
-1.2577285766601562;4.667212009429932;0.3981354236602783;6.0
-1.2576956748962402;4.672930717468262;0.3029978275299072;6.0
-1.257695198059082;4.672930717468262;0.2013525366783142;6.0
-1.2577285766601562;4.667212009429932;-0.1983619034290313;6.0
-1.2577285766601562;4.667212009429932;-0.3000373840332031;6.0
-1.2577285766601562;4.667212009429932;-0.4017132818698883;6.0
-1.2577290534973145;4.667212009429932;-0.5033887028694153;6.0
-1.2577285766601562;4.667212009429932;-0.5982862710952759;6.0
-1.2577285766601562;4.667212009429932;-0.6999616622924805;6.0
-1.2577285766601562;4.667212009429932;-0.8016376495361328;6.0
-1.257695198059082;4.672930717468262;-0.903192400932312;6.0
-1.2577276229858398;4.667211532592773;-0.9982105493545532;6.0
-1.257695198059082;4.672930717468262;-1.2013521194458008;6.0
-1.2576956748962402;4.672930717468262;-1.30299711227417;6.0
1.869430899620056;4.16923189163208;-1.5;0.0
0.0382723808288574;4.465904712677002;1.4999998807907104;1.0
-1.2571392059326172;4.769614219665527;-0.4022397398948669;6.0
0.6724419593811035;4.371018886566162;-1.5;0.0
-0.5279889106750488;4.57123327255249;1.5;1.0
-1.13252592086792;4.673588275909424;-1.5;0.0
-0.5329880714416504;4.567238807678223;-1.5;0.0
-1.0310215950012207;4.929563522338867;0.2038460969924926;2.0
-0.4339213371276855;4.568752765655518;1.500000238418579;1.0
-1.1469125747680664;4.929563522338867;0.2022009491920471;2.0
-1.0319161415100098;4.666641712188721;1.5;1.0
-1.0397238731384275;4.668044090270996;-1.5;0.0
0.7688784599304199;4.3703813552856445;-1.5;0.0
1.9246599674224851;4.131285667419434;-1.4999998807907104;0.0
-0.9307317733764648;4.66977071762085;1.499999761581421;1.0
0.4784014225006103;4.929563522338867;1.101540207862854;2.0
-0.9232840538024902;4.668398857116699;-1.5;0.0
-0.83258056640625;4.667309761047363;1.4999996423721311;1.0
0.8698585033416748;4.371002197265625;-1.5000001192092896;0.0
1.4703960418701172;4.271829605102539;-1.5000001192092896;0.0
-0.7330646514892578;4.668978214263916;-1.5000001192092896;0.0
-0.1283323764801025;4.570426940917969;1.5;1.0
-0.124354600906372;4.574027061462402;-1.5;0.0
0.9737889766693116;4.372745990753174;-1.5;0.0
-1.2571392059326172;4.769614219665527;1.3978891372680664;6.0
-1.2571072578430176;4.775270462036133;0.9996616840362548;6.0
-1.2571392059326172;4.769614219665527;0.7978460788726807;6.0
-1.2571063041687012;4.775269985198975;0.7030994892120361;6.0
-1.243974208831787;4.929563522338867;-1.476884841918945;2.0
-1.257105827331543;4.775269985198975;0.6019983291625977;6.0
-1.2571067810058594;4.775269985198975;0.500898003578186;6.0
-1.257138729095459;4.769614219665527;0.4000647068023681;6.0
-1.2571396827697754;4.769614219665527;0.2989340424537658;6.0
1.1708295345306396;4.929563522338867;0.6014879941940308;2.0
-1.2571396827697754;4.769614219665527;0.1978031396865844;6.0
0.0791780948638916;4.929563522338867;1.2015312910079956;2.0
-1.2571072578430176;4.775270462036133;0.002134084701538;6.0
-1.2571392059326172;4.769614219665527;-0.199978232383728;6.0
-1.257138729095459;4.769614219665527;-0.3011088669300079;6.0
-1.2571392059326172;4.769614219665527;-0.698890209197998;6.0
-1.2571063041687012;4.775269985198975;-1.103234052658081;6.0
-1.2571392059326172;4.769614219665527;-1.1978025436401367;6.0
-1.257138729095459;4.769614219665527;-1.2989332675933838;6.0
-0.2303729057312011;4.929563522338867;-0.297978401184082;2.0
-1.2571392059326172;4.769614219665527;-1.40006422996521;6.0
-1.257138729095459;4.769614219665527;-1.480968713760376;6.0
-0.6261863708496094;4.6732025146484375;1.5;1.0
-0.0328912734985351;4.568777561187744;1.5;1.0
-1.1326208114624023;4.767777919769287;1.500000238418579;1.0
-1.125978946685791;4.771975040435791;-1.5;0.0
-0.528233528137207;4.668331623077393;1.5;1.0
-0.5344610214233398;4.669583320617676;-1.5000001192092896;0.0
1.070988416671753;4.371173858642578;-1.500000238418579;0.0
-1.2439751625061035;4.929563522338867;1.003670334815979;2.0
-1.0275516510009766;4.768684387207031;1.5;1.0
0.5717246532440186;4.468801975250244;-1.5;0.0
0.0257966518402099;4.552774906158447;1.5;1.0
0.0787055492401123;4.571186542510986;-1.5;0.0
-0.4252791404724121;4.671152591705322;1.4999998807907104;1.0
-0.927100658416748;4.769549369812012;1.5;1.0
1.6695787906646729;4.269058227539063;-1.4999998807907104;0.0
0.6720864772796631;4.472214698791504;-1.5;0.0
1.1697955131530762;4.37079668045044;-1.5000001192092896;0.0
-0.3318462371826172;4.670199871063232;-1.4999998807907104;0.0
-0.8380842208862305;4.771872520446777;-1.5;0.0
-0.2276868820190429;4.670516490936279;-1.5;0.0
0.2762870788574219;4.5691657066345215;-1.5000001192092896;0.0
0.7677600383758545;4.468337535858154;-1.5;0.0
-1.1275272369384766;4.870825290679932;1.5;1.0
-1.2565560340881348;4.870923042297363;1.481658697128296;6.0
-1.2565560340881348;4.870924949645996;1.2000019550323486;6.0
-1.256556510925293;4.870924949645996;0.9988185167312622;6.0
0.7781829833984375;4.929563522338867;0.3989625573158264;2.0
-1.2565555572509766;4.870924949645996;0.6970430612564087;6.0
-1.256556510925293;4.870924949645996;0.6031572818756104;6.0
-1.256556510925293;4.870924949645996;0.5025657415390015;6.0
-1.2565560340881348;4.870924949645996;0.4019735455513;6.0
-1.256556510925293;4.870924949645996;0.301381766796112;6.0
0.6762843132019043;4.929563522338867;-0.8996249437332153;2.0
-1.1232666969299316;4.929563522338867;-0.3017816841602325;2.0
-1.256556510925293;4.870924949645996;0.200789988040924;6.0
-1.2565560340881348;4.870924949645996;0.1001980304718017;6.0
-1.2565560340881348;4.870924949645996;-0.0003937184810638;6.0
-1.256556510925293;4.870924949645996;-0.1009852588176727;6.0
-1.2565569877624512;4.870924949645996;-0.2015773355960846;6.0
-1.2565560340881348;4.870924949645996;-0.3021689653396606;6.0
-1.2565560340881348;4.870924949645996;-0.402760773897171;6.0
-1.2565555572509766;4.870924949645996;-0.5033525824546814;6.0
-0.7351870536804199;4.929563522338867;-0.4017431139945984;2.0
-1.2565555572509766;4.870924949645996;-0.5972385406494141;6.0
0.6674466133117676;4.929563522338867;0.0005892515182495;2.0
-1.256556510925293;4.870924949645996;-0.6978301405906677;6.0
-1.2565560340881348;4.870924949645996;-0.7984221577644348;6.0
-1.256556510925293;4.870924949645996;-0.8990137577056885;6.0
-1.256556510925293;4.870924949645996;-1.200789451599121;6.0
0.6762781143188477;4.929563522338867;0.7982871532440186;2.0
-1.1195173263549805;4.869081974029541;-1.5000001192092896;0.0
-1.2565560340881348;4.870924949645996;-1.4824461936950684;6.0
1.2697710990905762;4.368542671203613;-1.5;0.0
-1.2439751625061035;4.929563522338867;-0.3032888174057007;2.0
1.770864725112915;4.271170616149902;-1.499999761581421;0.0
-0.6258597373962402;4.771409511566162;1.4999998807907104;1.0
-0.6310596466064453;4.767660140991211;-1.5;0.0
-0.1340353488922119;4.671950340270996;1.500000238418579;1.0
-0.1289384365081787;4.670818328857422;-1.5000001192092896;0.0
0.3670132160186767;4.568239212036133;-1.5;0.0
-1.023242473602295;4.869425296783447;1.5;1.0
0.8671553134918213;4.468955993652344;-1.5;0.0
-0.5297207832336426;4.769365310668945;1.5;1.0
-0.0303483009338378;4.67000150680542;1.499999761581421;1.0
0.4666519165039062;4.567863941192627;-1.5;0.0
-0.4273042678833008;4.76963472366333;1.5;1.0
0.0712292194366455;4.671427249908447;-1.5;0.0
-0.3299036026000976;4.769890308380127;1.5;1.0
-1.2193374633789062;4.929563522338867;1.4801359176635742;2.0
-1.2439732551574707;4.929563522338867;1.3970911502838137;2.0
-1.243974685668945;4.929563522338867;1.297069072723389;2.0
-1.243974208831787;4.929563522338867;1.1970465183258057;2.0
-1.243973731994629;4.929563522338867;0.9036475419998168;2.0
-0.9423747062683104;4.929563522338867;-0.3032702803611755;2.0
-1.243973731994629;4.929563522338867;0.7969570159912109;2.0
-1.243973731994629;4.929563522338867;0.6969348192214966;2.0
-1.243973731994629;4.929563522338867;0.5969122648239136;2.0
-1.243974685668945;4.929563522338867;0.2968452572822571;2.0
-1.243974685668945;4.929563522338867;-0.0032218992710113;2.0
-1.243974208831787;4.929563522338867;-0.4033112525939941;2.0
-1.243974208831787;4.929563522338867;-0.6967102289199829;2.0
-1.243973731994629;4.929563522338867;-0.8967549204826355;2.0
-1.243973731994629;4.929563522338867;-0.9967775344848632;2.0
-1.243974685668945;4.929563522338867;-1.2968446016311646;2.0
-1.243974208831787;4.929563522338867;-1.396866798400879;2.0
-0.3343343734741211;4.766406059265137;-1.5000001192092896;0.0
-0.7256765365600586;4.872915267944336;1.4999998807907104;1.0
-0.7311201095581055;4.86925220489502;-1.5;0.0
0.1715497970581054;4.671732902526856;-1.5;0.0
-0.2276430130004882;4.772238731384277;1.5000004768371582;1.0
-1.1232671737670898;4.929563522338867;1.485430359840393;2.0
-1.1232671737670898;4.929563522338867;1.4009437561035156;2.0
-1.1469135284423828;4.929563522338867;1.2016124725341797;2.0
-1.1469130516052246;4.929563522338867;1.0970988273620603;2.0
-1.1469130516052246;4.929563522338867;0.9011355638504028;2.0
0.6674463748931885;4.929563522338867;-0.6017130017280579;2.0
-1.1469130516052246;4.929563522338867;0.7966220378875732;2.0
-1.1469125747680664;4.929563522338867;0.3001823425292969;2.0
-1.1232671737670898;4.929563522338867;0.1011534929275512;2.0
0.6674468517303467;4.929563522338867;0.2000271081924438;2.0
-1.1469135284423828;4.929563522338867;-0.0002940893173217;2.0
-1.1469130516052246;4.929563522338867;-0.2027892470359802;2.0
-1.1469130516052246;4.929563522338867;-0.5032656192779541;2.0
-1.1232662200927734;4.929563522338867;-0.6982176303863525;2.0
-1.1469130516052246;4.929563522338867;-0.7972103357315063;2.0
-1.1469135284423828;4.929563522338867;-0.9017237424850464;2.0
-1.1469130516052246;4.929563522338867;-1.2022005319595337;2.0
-0.6255359649658203;4.868471622467041;1.5;1.0
1.5744690895080566;4.370187759399414;-1.5000001192092896;0.0
-1.0310211181640625;4.929563522338867;1.4013386964797974;2.0
-1.0310215950012207;4.929563522338867;1.000051736831665;2.0
-1.0310211181640625;4.929563522338867;0.8981372117996216;2.0
-1.0310211181640625;4.929563522338867;0.7006783485412598;2.0
-1.0310215950012207;4.929563522338867;0.5987640619277954;2.0
-0.4246711730957031;4.870433807373047;-1.5000001192092896;0.0
-1.0310215950012207;4.929563522338867;0.1019317507743835;2.0
-0.3247270584106445;4.929563522338867;0.6001226902008057;2.0
-1.0310211181640625;4.929563522338867;-0.2993559539318084;2.0
-1.0310215950012207;4.929563522338867;-0.4012702703475952;2.0
-1.0310215950012207;4.929563522338867;-0.7006434202194214;2.0
-1.031022071838379;4.929563522338867;-0.8025580048561096;2.0
-1.0310215950012207;4.929563522338867;-1.000016450881958;2.0
-1.031022071838379;4.929563522338867;-1.2038452625274658;2.0
-0.531193733215332;4.869247913360596;1.499999761581421;1.0
-0.9207544326782228;4.929563522338867;1.4795011281967163;2.0
0.1672163009643554;4.929563522338867;-0.9009923934936525;2.0
-0.9423751831054688;4.929563522338867;-1.477401852607727;2.0
0.7760505676269531;4.5721869468688965;-1.5;0.0
-0.9423751831054688;4.929563522338867;1.4017186164855957;2.0
-0.9207549095153807;4.929563522338867;1.1003820896148682;2.0
-0.9207549095153807;4.929563522338867;1.0009407997131348;2.0
-0.9423751831054688;4.929563522338867;0.8958429098129272;2.0
-0.9423751831054688;4.929563522338867;0.7959169149398804;2.0
-0.9423751831054688;4.929563522338867;0.7022361755371094;2.0
-0.9207568168640136;4.929563522338867;0.298637330532074;2.0
-0.942375659942627;4.929563522338867;0.2026057839393615;2.0
-0.9207568168640136;4.929563522338867;0.0003138184547424;2.0
0.4682850837707519;4.929563522338867;-1.300238013267517;2.0
-0.920757293701172;4.929563522338867;-0.0991273522377014;2.0
-0.9207563400268556;4.929563522338867;-0.1985686123371124;2.0
-0.9423751831054688;4.929563522338867;-0.4031963646411896;2.0
0.4682857990264892;4.929563522338867;-0.1009475886821746;2.0
-0.942375659942627;4.929563522338867;-0.5031222701072693;2.0
-0.9423751831054688;4.929563522338867;-0.5968031883239746;2.0
-0.9423751831054688;4.929563522338867;-0.6967291235923767;2.0
-0.9423747062683104;4.929563522338867;-1.2026047706604004;2.0
0.3703527450561523;4.672338485717773;-1.5;0.0
1.3737552165985107;4.929563522338867;0.2991443872451782;2.0
-0.0449140071868896;4.765693664550781;1.500000238418579;1.0
-0.4305181503295898;4.871916770935059;1.500000238418579;1.0
-0.8363184928894043;4.929563522338867;1.4783830642700195;2.0
-0.8363189697265625;4.929563522338867;-1.4785223007202148;2.0
1.672396898269653;4.370214939117432;-1.5000001192092896;0.0
-0.8363180160522461;4.929563522338867;1.3991259336471558;2.0
-0.8363180160522461;4.929563522338867;1.3015785217285156;2.0
-0.8363184928894043;4.929563522338867;1.197934627532959;2.0
-0.8363184928894043;4.929563522338867;1.0028398036956787;2.0
-0.8363180160522461;4.929563522338867;0.8991957902908325;2.0
-0.8363184928894043;4.929563522338867;0.8016484975814819;2.0
-0.8363189697265625;4.929563522338867;0.6980043649673462;2.0
-0.8363184928894043;4.929563522338867;0.4968127012252807;2.0
-0.8363175392150879;4.929563522338867;0.3017177581787109;2.0
-0.8363189697265625;4.929563522338867;0.1980739831924438;2.0
-0.8363189697265625;4.929563522338867;0.1005264520645141;2.0
-0.8363184928894043;4.929563522338867;-0.0031175911426544;2.0
-0.0272769927978515;4.929563522338867;-0.1005096435546875;2.0
-0.8363184928894043;4.929563522338867;-0.1006650030612945;2.0
-0.8363180160522461;4.929563522338867;-0.1982124745845794;2.0
-0.8363194465637207;4.929563522338867;-0.3994039893150329;2.0
-0.8363184928894043;4.929563522338867;-0.5030479431152344;2.0
-0.8363184928894043;4.929563522338867;-0.8017867803573608;2.0
-0.8363184928894043;4.929563522338867;-0.8993343114852905;2.0
-0.8363184928894043;4.929563522338867;-0.9968815445899964;2.0
0.4690217971801758;4.668792247772217;-1.499999761581421;0.0
-0.7351870536804199;4.929563522338867;-1.479588508605957;2.0
-0.7351875305175781;4.929563522338867;0.902390956878662;2.0
-0.7351880073547363;4.929563522338867;0.801156759262085;2.0
-0.7351870536804199;4.929563522338867;0.4021752476692199;2.0
-0.7351875305175781;4.929563522338867;0.1997067332267761;2.0
-0.7351870536804199;4.929563522338867;0.0031935572624206;2.0
-0.7351870536804199;4.929563522338867;-0.5029770731925964;2.0
-0.7351875305175781;4.929563522338867;-0.9019587635993958;2.0
-0.7351875305175781;4.929563522338867;-1.0984721183776855;2.0
-0.7351870536804199;4.929563522338867;-1.1997060775756836;2.0
-0.2317471504211425;4.869387149810791;1.5;1.0
0.1638803482055664;4.768162727355957;-1.500000238418579;0.0
0.974276065826416;4.570131778717041;-1.4999998807907104;0.0
1.771631956100464;4.369558811187744;-1.4999998807907104;0.0
-0.6386585235595703;4.929563522338867;1.400111436843872;2.0
-0.6198797225952148;4.929563522338867;1.2988228797912598;2.0
-0.6198792457580566;4.929563522338867;1.200336456298828;2.0
-0.6198806762695312;4.929563522338867;0.9975714683532716;2.0
-0.619880199432373;4.929563522338867;0.7021125555038452;2.0
-0.6386575698852539;4.929563522338867;0.6028211116790771;2.0
-0.6198806762695312;4.929563522338867;0.4993467330932617;2.0
-0.6198806762695312;4.929563522338867;0.4008603096008301;2.0
-0.6386575698852539;4.929563522338867;0.3002001643180847;2.0
-0.6198797225952148;4.929563522338867;0.1980941891670227;2.0
0.5376980304718018;4.929563522338867;1.157828450202942;2.0
-0.619880199432373;4.929563522338867;0.0011217594146728;2.0
-0.6386580467224121;4.929563522338867;-0.2002884447574615;2.0
-0.6198811531066895;4.929563522338867;-0.3001304268836975;2.0
-0.6386580467224121;4.929563522338867;-0.3981561362743377;2.0
-0.6386575698852539;4.929563522338867;-0.7997106909751892;2.0
-0.619880199432373;4.929563522338867;-1.1980936527252195;2.0
1.1708290576934814;4.929563522338867;-1.476728916168213;2.0
-0.6386590003967285;4.929563522338867;-1.3001995086669922;2.0
-0.0272762775421142;4.929563522338867;-0.1997619569301605;2.0
-0.5284581184387207;4.929563522338867;1.2986878156661987;2.0
-0.5284576416015625;4.929563522338867;1.202379822731018;2.0
0.4784011840820312;4.929563522338867;-0.7998898029327393;2.0
-0.5284585952758789;4.929563522338867;1.1004074811935425;2.0
-0.5284576416015625;4.929563522338867;0.9984344244003296;2.0
-0.5284581184387207;4.929563522338867;0.8001540899276733;2.0
-0.5284581184387207;4.929563522338867;0.601873517036438;2.0
-0.5284581184387207;4.929563522338867;0.3979278802871704;2.0
-0.5284576416015625;4.929563522338867;0.0013666749000549;2.0
-0.5284576416015625;4.929563522338867;-0.1006060540676117;2.0
-0.5284581184387207;4.929563522338867;-0.5028321743011475;2.0
-0.5284576416015625;4.929563522338867;-0.7011127471923828;2.0
-0.5284585952758789;4.929563522338867;-1.3979274034500122;2.0
1.0674073696136477;4.5709757804870605;-1.5;0.0
-0.4239611625671386;4.929563522338867;1.4784454107284546;2.0
-0.4409995079040527;4.929563522338867;1.2985607385635376;2.0
-0.4409985542297363;4.929563522338867;1.1987942457199097;2.0
-0.4239559173583984;4.929563522338867;0.8989827632904053;2.0
-0.4409995079040527;4.929563522338867;0.6999646425247192;2.0
-0.4409995079040527;4.929563522338867;0.5004324913024902;2.0
-0.423954963684082;4.929563522338867;0.4023023843765259;2.0
-0.4409995079040527;4.929563522338867;0.3009000420570373;2.0
-0.4409980773925781;4.929563522338867;0.1013677716255188;2.0
-0.4239559173583984;4.929563522338867;-0.1992322206497192;2.0
-0.4409990310668945;4.929563522338867;-0.4030049741268158;2.0
-0.4409995079040527;4.929563522338867;-0.5027709007263184;2.0
-0.4409990310668945;4.929563522338867;-0.5969946384429932;2.0
-0.4239554405212402;4.929563522338867;-0.7014310956001282;2.0
-0.1259903907775879;4.929563522338867;-1.099365472793579;2.0
-0.4239554405212402;4.929563522338867;-0.8007669448852539;2.0
-0.423954963684082;4.929563522338867;-0.9001032114028931;2.0
-0.4239554405212402;4.929563522338867;-0.9994391798973083;2.0
-0.4409995079040527;4.929563522338867;-1.3008995056152344;2.0
1.373755931854248;4.929563522338867;-0.900321364402771;2.0
-0.4239563941955566;4.929563522338867;-1.4023020267486572;2.0
0.3746025562286377;4.770654678344727;-1.5;0.0
-0.3409147262573242;4.929563522338867;1.4799294471740725;2.0
0.7740414142608643;4.67009973526001;-1.5000001192092896;0.0
-0.3247265815734863;4.929563522338867;-1.4763917922973633;2.0
1.1713833808898926;4.5695085525512695;-1.5;0.0
-0.3409147262573242;4.929563522338867;1.3016549348831177;2.0
-0.3409147262573242;4.929563522338867;1.1990116834640503;2.0
-0.3409147262573242;4.929563522338867;1.101771116256714;2.0
-0.3409147262573242;4.929563522338867;0.9991282224655152;2.0
-0.340914249420166;4.929563522338867;0.7992444038391113;2.0
-0.3409147262573242;4.929563522338867;0.5021201372146606;2.0
-0.3247265815734863;4.929563522338867;0.4010784029960632;2.0
-0.3409147262573242;4.929563522338867;0.1995932459831237;2.0
-0.3247265815734863;4.929563522338867;0.0998224020004272;2.0
-0.3409147262573242;4.929563522338867;-0.2001740634441375;2.0
-0.3247265815734863;4.929563522338867;-0.2982658147811889;2.0
-0.3409152030944824;4.929563522338867;-0.4000578820705414;2.0
-0.340914249420166;4.929563522338867;-0.5027007460594177;2.0
-0.3247265815734863;4.929563522338867;-0.7017336487770081;2.0
-0.3247265815734863;4.929563522338867;-0.9976099729537964;2.0
-0.3409137725830078;4.929563522338867;-1.3022356033325195;2.0
0.072472333908081;4.872350215911865;-1.5;0.0
0.4704070091247558;4.771786212921143;-1.5000001192092896;0.0
1.573634386062622;4.470237255096436;-1.5;0.0
-0.2303743362426757;4.929563522338867;1.4021492004394531;2.0
-0.2303733825683593;4.929563522338867;1.3024499416351318;2.0
-0.2303733825683593;4.929563522338867;0.9981063604354858;2.0
-0.2303733825683593;4.929563522338867;0.8984076976776123;2.0
-0.2303733825683593;4.929563522338867;0.7987085580825806;2.0
-0.2303733825683593;4.929563522338867;0.599311113357544;2.0
-0.2303743362426757;4.929563522338867;0.3002148866653442;2.0
-0.2303738594055175;4.929563522338867;0.1008170247077941;2.0
-0.2303733825683593;4.929563522338867;-0.198279470205307;2.0
-0.2303729057312011;4.929563522338867;-1.3999125957489014;2.0
0.1703152656555175;4.871129035949707;-1.5;0.0
1.2740063667297363;4.571405410766602;-1.499999761581421;0.0
-0.1259949207305908;4.929563522338867;1.4817354679107666;2.0
-0.1259899139404297;4.929563522338867;-1.4768381118774414;2.0
-0.1259951591491699;4.929563522338867;1.4001195430755615;2.0
-0.1259949207305908;4.929563522338867;0.9971411228179932;2.0
-0.125990629196167;4.929563522338867;0.9002209901809692;2.0
-0.1259903907775879;4.929563522338867;0.7982012033462524;2.0
-0.1259896755218505;4.929563522338867;0.7012823820114136;2.0
-0.1259901523590088;4.929563522338867;0.5992627143859863;2.0
-0.1259896755218505;4.929563522338867;0.4972427487373352;2.0
-0.1259903907775879;4.929563522338867;0.4003244042396545;2.0
-0.1259899139404297;4.929563522338867;0.0993660688400268;2.0
-0.125990629196167;4.929563522338867;0.0024474263191223;2.0
-0.1259903907775879;4.929563522338867;-0.2015919685363769;2.0
-0.125990629196167;4.929563522338867;-0.5025501251220703;2.0
-0.1259903907775879;4.929563522338867;-0.5994687676429749;2.0
-0.1259901523590088;4.929563522338867;-0.701488733291626;2.0
-0.1259896755218505;4.929563522338867;-0.9004268646240234;2.0
-0.1259896755218505;4.929563522338867;-1.2013850212097168;2.0
1.6745400428771973;4.471016883850098;-1.5000001192092896;0.0
-0.0410530567169189;4.929563522338867;1.4703493118286133;2.0
-0.0272769927978515;4.929563522338867;-1.4801150560379028;2.0
0.6701698303222656;4.769553184509277;-1.5;0.0
-0.0272765159606933;4.929563522338867;1.398198127746582;2.0
-0.0272767543792724;4.929563522338867;1.2989460229873655;2.0
-0.0272769927978515;4.929563522338867;1.1004416942596436;2.0
-0.0272769927978515;4.929563522338867;1.0011895895004272;2.0
-0.0272769927978515;4.929563522338867;0.8026853799819946;2.0
-0.0272760391235351;4.929563522338867;0.6984702348709106;2.0
0.1794192790985107;4.929563522338867;0.1004636883735656;2.0
-0.0272769927978515;4.929563522338867;0.4999661445617676;2.0
-0.0272772312164306;4.929563522338867;0.4007142186164856;2.0
-0.0272769927978515;4.929563522338867;0.3014616370201111;2.0
-0.0272767543792724;4.929563522338867;0.1972469687461853;2.0
-0.0272765159606933;4.929563522338867;0.0979946851730346;2.0
-0.0272767543792724;4.929563522338867;-0.0012574195861816;2.0
-0.0272772312164306;4.929563522338867;-0.2990139722824096;2.0
-0.0272769927978515;4.929563522338867;-0.3982662558555603;2.0
-0.0272769927978515;4.929563522338867;-0.6017330884933472;2.0
-0.0272762775421142;4.929563522338867;-0.8002375364303589;2.0
-0.0272769927978515;4.929563522338867;-0.8994896411895752;2.0
-0.0272762775421142;4.929563522338867;-0.9987419843673706;2.0
-0.0272765159606933;4.929563522338867;-1.097994089126587;2.0
-0.0272767543792724;4.929563522338867;-1.4007134437561035;2.0
1.069305419921875;4.671365261077881;-1.5;0.0
1.1707210540771484;4.769094467163086;-1.5000001192092896;0.0
0.0662267208099365;4.929563522338867;-1.4783859252929688;2.0
0.0267648696899414;4.929563522338867;1.4522985219955444;2.0
0.0662274360656738;4.929563522338867;1.3915473222732544;2.0
0.0791778564453125;4.929563522338867;0.9993692636489868;2.0
0.0791773796081543;4.929563522338867;0.802020788192749;2.0
0.066227912902832;4.929563522338867;0.7006372213363647;2.0
0.0791783332824707;4.929563522338867;0.5998584032058716;2.0
0.0791773796081543;4.929563522338867;0.4025099277496338;2.0
0.0662276744842529;4.929563522338867;0.2996196746826172;2.0
0.0662281513214111;4.929563522338867;6.431341171264648e-05;2.0
0.0791773796081543;4.929563522338867;-0.3002442121505737;2.0
0.0662283897399902;4.929563522338867;-0.4009532630443573;2.0
0.0791783332824707;4.929563522338867;-0.5024063587188721;2.0
0.066227912902832;4.929563522338867;-0.5990461111068726;2.0
0.0791769027709961;4.929563522338867;-0.8008363246917725;2.0
0.0791771411895752;4.929563522338867;-0.901917278766632;2.0
0.0662288665771484;4.929563522338867;-1.0000638961791992;2.0
0.0662286281585693;4.929563522338867;-1.1015260219573977;2.0
0.0791780948638916;4.929563522338867;-1.4025089740753174;2.0
1.771244764328003;4.469977378845215;-1.5;0.0
0.4717693328857422;4.873017311096191;-1.5;0.0
1.4691507816314695;4.570123672485352;-1.5000001192092896;0.0
0.1672172546386718;4.929563522338867;1.2986043691635132;2.0
0.1794195175170898;4.929563522338867;1.1985870599746704;2.0
0.1794195175170898;4.929563522338867;1.1004568338394165;2.0
0.1794192790985107;4.929563522338867;0.8995236158370972;2.0
0.1794197559356689;4.929563522338867;0.8013933897018433;2.0
0.1672160625457763;4.929563522338867;0.5997990369796753;2.0
0.1672160625457763;4.929563522338867;0.5013096332550049;2.0
0.1794197559356689;4.929563522338867;0.3995269536972046;2.0
0.5664923191070557;4.929563522338867;0.5015918016433716;2.0
0.1672165393829345;4.929563522338867;0.2996405959129333;2.0
0.1672160625457763;4.929563522338867;-0.0990069806575775;2.0
0.1794197559356689;4.929563522338867;-0.1985999047756195;2.0
0.1794192790985107;4.929563522338867;-0.3014028668403625;2.0
0.1672163009643554;4.929563522338867;-0.6008340120315552;2.0
0.1794197559356689;4.929563522338867;-0.8013995885848999;2.0
0.1794197559356689;4.929563522338867;-1.1004631519317627;2.0
0.1672163009643554;4.929563522338867;-1.2996400594711304;2.0
1.1706807613372805;4.671797752380371;-1.5000001192092896;0.0
0.8747513294219971;4.773246765136719;-1.5;0.0
0.5736339092254639;4.870344161987305;-1.5;0.0
0.273975133895874;4.929563522338867;-1.4784386157989502;2.0
1.8340481519699097;4.4613800048828125;-1.5;0.0
0.2624468803405761;4.929563522338867;1.283861756324768;2.0
0.2739748954772949;4.929563522338867;1.2003498077392578;2.0
0.2739748954772949;4.929563522338867;1.100462794303894;2.0
0.2739746570587158;4.929563522338867;0.9006887674331665;2.0
1.1708295345306396;4.929563522338867;0.0006765723228454;2.0
0.2739753723144531;4.929563522338867;0.8008017539978027;2.0
0.2739753723144531;4.929563522338867;0.7009148597717285;2.0
0.273975133895874;4.929563522338867;0.6010277271270752;2.0
0.273975133895874;4.929563522338867;0.4012537002563476;2.0
0.273975133895874;4.929563522338867;0.2014796733856201;2.0
0.273975133895874;4.929563522338867;0.1015925407409668;2.0
0.2739756107330322;4.929563522338867;-0.0981814265251159;2.0
0.2739748954772949;4.929563522338867;-0.1980684697628021;2.0
0.2739748954772949;4.929563522338867;-0.3978425562381744;2.0
0.2739748954772949;4.929563522338867;-0.5022698640823364;2.0
0.2739748954772949;4.929563522338867;-0.6021568179130554;2.0
0.2739753723144531;4.929563522338867;-0.7020440697669983;2.0
0.2739756107330322;4.929563522338867;-0.9018179178237916;2.0
0.2739753723144531;4.929563522338867;-1.0017049312591553;2.0
0.2739748954772949;4.929563522338867;-1.101591944694519;2.0
0.2739758491516113;4.929563045501709;-1.4012529850006104;2.0
0.6674461364746094;4.929563522338867;-1.2000267505645752;2.0
1.572197437286377;4.570519924163818;-1.5000001192092896;0.0
0.9723777770996094;4.769949436187744;-1.5;0.0
0.3741383552551269;4.929563522338867;-1.4789800643920898;2.0
0.3524162769317627;4.929563522338867;1.2610692977905271;2.0
0.3741383552551269;4.929563522338867;1.200566291809082;2.0
0.3741383552551269;4.929563522338867;1.0993683338165283;2.0
0.3741383552551269;4.929563522338867;0.8001742362976074;2.0
0.3741383552551269;4.929563522338867;0.5977783203125;2.0
0.374138593673706;4.929563522338867;0.5009803771972656;2.0
0.3741383552551269;4.929563522338867;0.298584520816803;2.0
0.374138593673706;4.929563522338867;-0.0006096363067626;2.0
0.3741376399993896;4.929563522338867;-0.1986056864261627;2.0
0.374138593673706;4.929563522338867;-0.7001959085464478;2.0
0.3741381168365478;4.929563522338867;-0.8981918096542358;2.0
0.3741383552551269;4.929563522338867;-1.1005877256393433;2.0
0.3741381168365478;4.929563522338867;-1.201785922050476;2.0
0.374138593673706;4.929563522338867;-1.2985838651657104;2.0
1.0711641311645508;4.769656658172607;-1.5;0.0
1.6709003448486328;4.571179866790772;-1.5000001192092896;0.0
0.4682850837707519;4.929563522338867;1.179433822631836;2.0
0.468285322189331;4.929563522338867;1.0001803636550903;2.0
0.4682860374450683;4.929563522338867;0.897749662399292;2.0
0.4784014225006103;4.929563522338867;0.7995233535766602;2.0
0.478400707244873;4.929563522338867;0.5995969772338867;2.0
0.575965404510498;4.929563522338867;-1.47778582572937;2.0
0.4682850837707519;4.929563522338867;0.5008319616317749;2.0
0.4784014225006103;4.929563522338867;0.3996700644493103;2.0
0.4784014225006103;4.929563522338867;0.1997434496879577;2.0
0.4784011840820312;4.929563522338867;-0.2979462742805481;2.0
0.468285322189331;4.929563522338867;-0.4978657364845276;2.0
0.4784011840820312;4.929563522338867;-0.702053427696228;2.0
0.4682855606079101;4.929563522338867;-0.8990520238876343;2.0
0.5759592056274414;4.929563522338867;0.9018391370773317;2.0
0.5664920806884766;4.929563522338867;0.79897141456604;2.0
0.5759592056274414;4.929563522338867;0.700106143951416;2.0
0.5664923191070557;4.929563522338867;0.2992082834243774;2.0
0.5759656429290771;4.929563522338867;0.00021493434906;2.0
0.5664923191070557;4.929563522338867;-0.2996815145015716;2.0
0.575965166091919;4.929563522338867;-0.3991333842277527;2.0
0.5759656429290771;4.929563522338867;-1.0002145767211914;2.0
0.575965166091919;4.929563522338867;-1.099022388458252;2.0
0.5664920806884766;4.929563522338867;-1.2000812292099;2.0
0.5759658813476562;4.929563522338867;-1.3995625972747805;2.0
0.6674463748931885;4.929563522338867;-1.4792394638061523;2.0
0.6585545539855957;4.929563522338867;1.0744811296463013;2.0
0.6674470901489258;4.929563522338867;0.8980591297149658;2.0
0.6762785911560059;4.929563522338867;0.6988776922225952;2.0
0.6674468517303467;4.929563522338867;0.4991838335990906;2.0
0.6762843132019043;4.929563522338867;0.4006478190422058;2.0
0.6762847900390625;4.929563522338867;-0.2991932034492492;2.0
0.6674466133117676;4.929563522338867;-0.3982864618301391;2.0
0.6762845516204834;4.929563522338867;-0.5019879341125488;2.0
0.6762847900390625;4.929563522338867;-0.7008062601089478;2.0
0.6762843132019043;4.929563522338867;-1.0984432697296145;2.0
0.6674466133117676;4.929563522338867;-1.2997455596923828;2.0
0.9753293991088868;4.869998455047607;-1.5;0.0
1.5701797008514404;4.67102575302124;-1.499999761581421;0.0
0.7699766159057617;4.929563522338867;-1.4785605669021606;2.0
1.8252880573272705;4.533141136169434;-1.499999761581421;0.0
0.7366304397583008;4.929563522338867;1.0547646284103394;2.0
0.7699763774871826;4.929563522338867;0.5016313791275024;2.0
0.7781829833984375;4.929563522338867;0.2992908954620361;2.0
0.7781834602355957;4.929563522338867;0.0999472737312316;2.0
0.7781832218170166;4.929563522338867;0.0002754926681518;2.0
0.7781829833984375;4.929563522338867;-0.0993961989879608;2.0
0.7781829833984375;4.929563522338867;-0.1990678906440735;2.0
0.7781829833984375;4.929563522338867;-0.3984112739562988;2.0
0.7699766159057617;4.929563522338867;-0.4980772137641907;2.0
0.7781829833984375;4.929563522338867;-0.6015881896018982;2.0
0.7781829833984375;4.929563522338867;-0.8009315729141235;2.0
0.7781829833984375;4.929563522338867;-0.9006035327911377;2.0
0.7781832218170166;4.929563522338867;-1.000274896621704;2.0
0.7781829833984375;4.929563522338867;-1.2992902994155884;2.0
1.0714828968048096;4.871992111206055;-1.5;0.0
1.374206304550171;4.7697367668151855;-1.4999998807907104;0.0
0.8730199337005615;4.929563522338867;-1.4788053035736084;2.0
0.8730206489562988;4.929563522338867;0.9006723165512085;2.0
0.8730199337005615;4.929563522338867;0.7008408308029175;2.0
0.8730206489562988;4.929563522338867;0.5010088682174683;2.0
0.8730199337005615;4.929563522338867;0.4010933041572571;2.0
0.8730201721191406;4.929563522338867;0.3011773824691772;2.0
0.8730196952819824;4.929563999176025;0.1013457775115966;2.0
0.8730206489562988;4.929563522338867;0.0014297366142272;2.0
0.8730206489562988;4.929563522338867;-0.1984019577503204;2.0
0.8730208873748779;4.929563522338867;-0.2983177900314331;2.0
0.8730204105377197;4.929563522338867;-0.5018500685691833;2.0
0.8730204105377197;4.929563522338867;-0.6017658710479736;2.0
0.8730201721191406;4.929563522338867;-0.901513397693634;2.0
0.8730206489562988;4.929563522338867;-1.0014292001724243;2.0
0.8730206489562988;4.929563522338867;-1.2012608051300049;2.0
0.8730206489562988;4.929563522338867;-1.301176905632019;2.0
0.8730199337005615;4.929563522338867;-1.401092767715454;2.0
1.1693193912506104;4.8702921867370605;-1.5;0.0
1.4556550979614258;4.929563522338867;-1.4790698289871216;2.0
0.9686076641082764;4.929563522338867;0.8891886472702026;2.0
0.9686079025268556;4.929563522338867;0.6002943515777588;2.0
0.9686079025268556;4.929563522338867;0.4005652070045471;2.0
0.9686083793640136;4.929563522338867;0.3007004261016845;2.0
0.9686081409454346;4.929563522338867;0.2008358836174011;2.0
0.9686079025268556;4.929563522338867;0.0011067390441894;2.0
0.9756767749786376;4.929563522338867;-0.0998726487159729;2.0
0.9756760597229004;4.929563522338867;-0.1994597613811493;2.0
0.9756762981414796;4.929563522338867;-0.3986341953277588;2.0
0.9756765365600586;4.929563522338867;-0.601365327835083;2.0
0.9686076641082764;4.929563522338867;-0.701512336730957;2.0
0.9686076641082764;4.929563522338867;-1.4005649089813232;2.0
1.0508968830108645;4.929563522338867;0.8649669885635376;2.0
1.0706422328948977;4.929563522338867;0.699959397315979;2.0
1.0706424713134766;4.929563522338867;0.6006758213043213;2.0
1.0706424713134766;4.929563522338867;0.5013924837112427;2.0
1.0706424713134766;4.929563522338867;0.2994024753570556;2.0
1.0706422328948977;4.929563522338867;0.200119137763977;2.0
1.0706427097320557;4.929563522338867;0.1008357405662536;2.0
1.0706422328948977;4.929563522338867;-0.2004378736019134;2.0
1.0706424713134766;4.929563522338867;-0.5017115473747253;2.0
1.0706422328948977;4.929563522338867;-0.6009949445724487;2.0
1.0706427097320557;4.929563522338867;-0.7002782821655273;2.0
1.0706424713134766;4.929563522338867;-1.0015519857406616;2.0
1.0706424713134766;4.929563522338867;-1.1008353233337402;2.0
1.0706429481506348;4.929563522338867;-1.3986852169036863;2.0
1.3690955638885498;4.870361804962158;-1.5;0.0
1.164808750152588;4.929563522338867;0.7853559255599976;2.0
1.1708292961120603;4.929563522338867;0.4997112154960632;2.0
1.1708295345306396;4.929563522338867;0.4012174606323242;2.0
1.1708295345306396;4.929563522338867;0.2994406223297119;2.0
1.1708292961120603;4.929563522338867;0.2009469866752624;2.0
1.1708292961120603;4.929563522338867;0.0991702079772949;2.0
1.1708297729492188;4.929563522338867;-0.1011003851890564;2.0
1.1708295345306396;4.929563522338867;-0.3013707995414734;2.0
1.1708290576934814;4.929563522338867;-0.5016413331031799;2.0
1.1708292961120603;4.929563522338867;-0.6986287832260132;2.0
1.1708288192749023;4.929563522338867;-1.0006762742996216;2.0
1.1708292961120603;4.929563522338867;-1.0991696119308472;2.0
1.1708292961120603;4.929563522338867;-1.2009466886520386;2.0
1.1708292961120603;4.929563522338867;-1.2994401454925537;2.0
1.1708297729492188;4.929563522338867;-1.401216983795166;2.0
1.6721954345703125;4.771673202514648;-1.5000001192092896;0.0
1.274146556854248;4.929563522338867;0.5999724864959717;2.0
1.274146556854248;4.929563522338867;0.3991215825080871;2.0
1.268646001815796;4.929563522338867;0.3006587028503418;2.0
1.2686455249786377;4.929563522338867;0.1999865770339965;2.0
1.268646001815796;4.929563522338867;0.0993143320083618;2.0
1.2741458415985107;4.929563522338867;-0.0998671352863311;2.0
1.274146556854248;4.929563522338867;-0.2002926766872406;2.0
1.2741467952728271;4.929563522338867;-0.3007181584835052;2.0
1.274146556854248;4.929563522338867;-0.6992815732955933;2.0
1.274146318435669;4.929563522338867;-0.900132417678833;2.0
1.268646001815796;4.929563522338867;-1.1999861001968384;2.0
1.7461705207824707;4.76155948638916;-1.5;0.0
1.3737552165985107;4.929563522338867;-1.479063868522644;2.0
1.3636887073516846;4.929563522338867;0.6795022487640381;2.0
1.373755693435669;4.929563522338867;0.5000547170639038;2.0
1.3687336444854736;4.929563522338867;0.4002084732055664;2.0
1.3737554550170898;4.929563522338867;0.200188398361206;2.0
1.3687331676483154;4.929563522338867;-0.3001205027103424;2.0
1.3687331676483154;4.929563522338867;-0.3993087708950043;2.0
1.373755693435669;4.929563522338867;-0.4985004663467407;2.0
1.3687329292297363;4.929563522338867;-0.6998792290687561;2.0
1.3687334060668943;4.929563522338867;-1.4002079963684082;2.0
1.6516103744506836;4.834834575653076;-1.5;0.0
1.4556517601013184;4.929563522338867;0.5973100662231445;2.0
1.4556519985198977;4.929563522338867;0.4992586970329284;2.0
1.4556519985198977;4.929563522338867;0.0003504157066345;2.0
1.4556522369384766;4.929563522338867;-0.2995713949203491;2.0
1.4556517601013184;4.929563522338867;-0.7984797358512878;2.0
1.4556524753570557;4.929563522338867;-1.199336290359497;2.0
1.455655574798584;4.929563522338867;-1.4012055397033691;2.0
